24/03/2014	12:08:02	1	Blanc_Alc	3177	3268	2721	3732	4592	7947	4331	1081
24/03/2014	12:08:10	1	Blanc_Alc	3302	3340	2962	3738	4590	7952	4333	1080
24/03/2014	12:08:18	1	Blanc_Alc	3261	3376	2821	3736	4589	7962	4342	1076
24/03/2014	12:08:26	1	Mesur_Alc	3119	1300	2077	3739	4590	7988	4361	1066
24/03/2014	12:08:53	1	Mesur_Alc	3158	1311	2093	3740	4590	7994	4366	1064
24/03/2014	12:09:01	1	Mesur_Alc	3190	1318	2085	3740	4589	7999	4370	1062
24/03/2014	12:36:02	2	Blanc_Alc	2963	3067	2587	3734	4585	7759	4187	1152
24/03/2014	12:36:10	2	Blanc_Alc	2975	3078	2584	3736	4585	7758	4186	1152
24/03/2014	12:36:18	2	Blanc_Alc	2963	3064	2582	3737	4584	7756	4185	1153
24/03/2014	12:36:25	2	Mesur_Alc	2803	1185	1856	3736	4584	7755	4184	1153
24/03/2014	12:36:53	2	Mesur_Alc	2829	1193	1868	3737	4584	7756	4185	1153
24/03/2014	12:37:01	2	Mesur_Alc	2843	1173	1890	3737	4584	7755	4184	1153
24/03/2014	13:07:02	3	Blanc_Alc	3185	3266	2727	3731	4581	7194	3762	1379
24/03/2014	13:07:10	3	Blanc_Alc	3305	3340	2975	3732	4581	7195	3763	1378
24/03/2014	13:07:18	3	Blanc_Alc	3272	3381	2804	3733	4581	7195	3762	1379
24/03/2014	13:07:26	3	Mesur_Alc	3114	1294	2064	3733	4580	7204	3770	1374
24/03/2014	13:07:53	3	Mesur_Alc	3168	1307	2097	3733	4580	7204	3770	1374
24/03/2014	13:08:01	3	Mesur_Alc	3178	1321	2099	3733	4581	7204	3769	1375
24/03/2014	13:37:02	4	Blanc_Alc	3179	3271	2719	3729	4578	6886	3537	1511
24/03/2014	13:37:10	4	Blanc_Alc	3299	3345	2966	3729	4578	6884	3535	1512
24/03/2014	13:37:18	4	Blanc_Alc	3267	3379	2814	3729	4578	6882	3534	1513
24/03/2014	13:37:26	4	Mesur_Alc	3109	1298	2067	3729	4578	6883	3535	1512
24/03/2014	13:37:53	4	Mesur_Alc	3162	1316	2097	3729	4578	6881	3533	1513
24/03/2014	13:38:01	4	Mesur_Alc	3184	1317	2095	3729	4578	6880	3533	1513
24/03/2014	14:07:32	5	Blanc_Alc	2971	3073	2581	3729	4578	6978	3604	1471
24/03/2014	14:07:40	5	Blanc_Alc	2975	3073	2582	3729	4578	6970	3598	1474
24/03/2014	14:07:48	5	Blanc_Alc	2970	3072	2579	3729	4578	6965	3595	1476
24/03/2014	14:07:56	5	Mesur_Alc	2811	1179	1853	3729	4578	6956	3588	1480
24/03/2014	14:08:23	5	Mesur_Alc	2827	1187	1871	3729	4578	6952	3585	1482
24/03/2014	14:08:31	5	Mesur_Alc	2847	1198	1885	3729	4578	6947	3582	1484
24/03/2014	14:38:02	6	Blanc_Alc	2972	3068	2578	3729	4578	7099	3694	1418
24/03/2014	14:38:10	6	Blanc_Alc	2983	3067	2575	3729	4578	7089	3686	1422
24/03/2014	14:38:18	6	Blanc_Alc	2971	3065	2574	3729	4578	7081	3680	1426
24/03/2014	14:38:26	6	Mesur_Alc	2814	1189	1837	3729	4578	7069	3671	1431
24/03/2014	14:38:53	6	Mesur_Alc	2836	1188	1852	3729	4578	7063	3667	1433
24/03/2014	14:39:01	6	Mesur_Alc	2838	1181	1868	3729	4578	7057	3663	1436
24/03/2014	15:08:02	7	Blanc_Alc	2976	3076	2581	3729	4578	7037	3648	1445
24/03/2014	15:08:10	7	Blanc_Alc	2968	3066	2580	3729	4578	7027	3640	1449
24/03/2014	15:08:18	7	Blanc_Alc	2974	3072	2569	3729	4578	7019	3635	1452
24/03/2014	15:08:26	7	Mesur_Alc	2803	1193	1842	3729	4578	7006	3625	1458
24/03/2014	15:08:53	7	Mesur_Alc	2828	1196	1853	3729	4578	7000	3621	1460
24/03/2014	15:09:01	7	Mesur_Alc	2848	1185	1866	3729	4578	6993	3615	1464
24/03/2014	15:38:32	8	Blanc_Alc	2971	3064	2590	3729	4578	6943	3579	1486
24/03/2014	15:38:40	8	Blanc_Alc	2978	3073	2590	3729	4578	6932	3571	1490
24/03/2014	15:38:48	8	Blanc_Alc	2969	3078	2585	3729	4578	6924	3565	1494
24/03/2014	15:38:56	8	Mesur_Alc	2809	1186	1843	3729	4578	6909	3554	1501
24/03/2014	15:39:23	8	Mesur_Alc	2821	1203	1859	3729	4578	6903	3549	1504
24/03/2014	15:39:31	8	Mesur_Alc	2853	1209	1870	3729	4578	6897	3545	1506
24/03/2014	16:08:32	9	Blanc_Alc	2961	3081	2583	3729	4578	6898	3546	1505
24/03/2014	16:08:40	9	Blanc_Alc	2968	3067	2573	3729	4578	6887	3538	1510
24/03/2014	16:08:48	9	Blanc_Alc	2961	3065	2586	3729	4578	6879	3532	1514
24/03/2014	16:08:56	9	Mesur_Alc	2815	1188	1846	3729	4578	6863	3520	1521
24/03/2014	16:09:23	9	Mesur_Alc	2837	1194	1853	3729	4578	6857	3516	1524
24/03/2014	16:09:31	9	Mesur_Alc	2837	1213	1881	3729	4578	6850	3511	1527
24/03/2014	16:38:44	10	Blanc_Alc	2981	3083	2579	3729	4578	6897	3545	1506
24/03/2014	16:38:52	10	Blanc_Alc	2983	3067	2580	3729	4578	6886	3537	1511
24/03/2014	16:39:00	10	Blanc_Alc	2960	3072	2577	3729	4578	6879	3532	1514
24/03/2014	16:39:08	10	Mesur_Alc	2806	1174	1840	3729	4578	6863	3520	1521
24/03/2014	16:39:35	10	Mesur_Alc	2824	1204	1851	3729	4578	6857	3516	1524
24/03/2014	16:39:43	10	Mesur_Alc	2857	1217	1877	3729	4578	6851	3511	1527
24/03/2014	17:08:44	11	Blanc_Alc	2977	3082	2578	3729	4578	6987	3611	1466
24/03/2014	17:08:52	11	Blanc_Alc	2965	3064	2573	3729	4578	6978	3604	1471
24/03/2014	17:09:00	11	Blanc_Alc	2961	3067	2571	3729	4578	6971	3599	1474
24/03/2014	17:09:08	11	Mesur_Alc	2805	1190	1823	3729	4578	6955	3587	1481
24/03/2014	17:09:35	11	Mesur_Alc	2818	1198	1850	3729	4578	6950	3584	1483
24/03/2014	17:09:43	11	Mesur_Alc	2854	1217	1879	3729	4578	6945	3580	1485
24/03/2014	17:38:56	12	Blanc_Alc	2961	3082	2590	3729	4578	7327	3864	1322
24/03/2014	17:39:04	12	Blanc_Alc	2983	3081	2582	3729	4578	7315	3855	1327
24/03/2014	17:39:12	12	Blanc_Alc	2978	3072	2587	3729	4578	7306	3848	1331
24/03/2014	17:39:20	12	Mesur_Alc	2806	1200	1844	3729	4578	7284	3831	1340
24/03/2014	17:39:47	12	Mesur_Alc	2828	1203	1856	3729	4578	7277	3826	1343
24/03/2014	17:39:55	12	Mesur_Alc	2851	1199	1870	3729	4578	7270	3821	1346
24/03/2014	18:08:56	13	Blanc_Alc	2975	3082	2573	3729	4578	7577	4053	1221
24/03/2014	18:09:04	13	Blanc_Alc	2980	3065	2576	3729	4578	7566	4044	1225
24/03/2014	18:09:12	13	Blanc_Alc	2975	3068	2580	3729	4578	7557	4037	1229
24/03/2014	18:09:20	13	Mesur_Alc	2803	1205	1836	3729	4578	7535	4021	1237
24/03/2014	18:09:47	13	Mesur_Alc	2831	1206	1838	3729	4578	7528	4015	1240
24/03/2014	18:09:55	13	Mesur_Alc	2853	1207	1858	3729	4578	7522	4011	1243
24/03/2014	18:38:56	14	Blanc_Alc	2979	3079	2576	3729	4578	7799	4223	1134
24/03/2014	18:39:04	14	Blanc_Alc	2983	3072	2590	3729	4578	7790	4216	1137
24/03/2014	18:39:12	14	Blanc_Alc	2977	3066	2575	3729	4578	7782	4210	1140
24/03/2014	18:39:20	14	Mesur_Alc	2807	1198	1825	3729	4578	7763	4195	1148
24/03/2014	18:39:47	14	Mesur_Alc	2837	1207	1856	3729	4578	7757	4191	1150
24/03/2014	18:39:55	14	Mesur_Alc	2855	1215	1850	3729	4578	7752	4187	1152
24/03/2014	19:08:56	15	Blanc_Alc	3406	3527	2959	3729	4578	7973	4358	1068
24/03/2014	19:09:04	15	Blanc_Alc	3409	3529	2961	3729	4578	7968	4354	1070
24/03/2014	19:09:12	15	Blanc_Alc	3407	3529	2959	3729	4578	7963	4350	1072
24/03/2014	19:09:20	15	Mesur_Alc	3347	1434	2184	3729	4578	7948	4339	1077
24/03/2014	19:09:47	15	Mesur_Alc	3354	1438	2184	3729	4578	7945	4336	1078
24/03/2014	19:09:55	15	Mesur_Alc	3361	1441	2189	3729	4578	7942	4334	1079
24/03/2014	19:39:08	16	Blanc_Alc	3413	3521	2958	3729	4578	8106	4462	1019
24/03/2014	19:39:16	16	Blanc_Alc	3419	3525	2968	3729	4578	8104	4461	1019
24/03/2014	19:39:24	16	Blanc_Alc	3412	3529	2965	3729	4578	8103	4460	1020
24/03/2014	19:39:32	16	Mesur_Alc	3354	1446	2187	3729	4578	8095	4454	1022
24/03/2014	19:39:59	16	Mesur_Alc	3351	1445	2177	3729	4578	8094	4453	1023
24/03/2014	19:40:07	16	Mesur_Alc	3354	1435	2184	3729	4578	8093	4452	1023
24/03/2014	20:09:02	17	Blanc_Alc	3414	3527	2949	3729	4578	55	4574	967
24/03/2014	20:09:10	17	Blanc_Alc	3415	3531	2968	3729	4578	55	4574	967
24/03/2014	20:09:18	17	Blanc_Alc	3415	3534	2965	3729	4578	54	4573	967
24/03/2014	20:09:26	17	Mesur_Alc	3348	1442	2188	3729	4578	50	4570	969
24/03/2014	20:09:53	17	Mesur_Alc	3362	1449	2181	3729	4578	50	4570	969
24/03/2014	20:10:01	17	Mesur_Alc	3362	1455	2183	3729	4578	50	4570	969
24/03/2014	20:39:02	18	Blanc_Alc	3414	3525	2950	3729	4578	181	4674	922
24/03/2014	20:39:10	18	Blanc_Alc	3414	3529	2970	3729	4578	183	4676	921
24/03/2014	20:39:18	18	Blanc_Alc	3418	3533	2962	3729	4578	185	4678	920
24/03/2014	20:39:26	18	Mesur_Alc	3350	1454	2186	3729	4578	184	4677	921
24/03/2014	20:39:53	18	Mesur_Alc	3360	1453	2185	3729	4578	186	4678	920
24/03/2014	20:40:01	18	Mesur_Alc	3362	1451	2173	3729	4578	187	4679	920
24/03/2014	21:09:02	19	Blanc_Alc	3414	3529	2949	3730	4578	206	4694	913
24/03/2014	21:09:10	19	Blanc_Alc	3415	3531	2968	3729	4578	212	4699	911
24/03/2014	21:09:18	19	Blanc_Alc	3417	3535	2965	3730	4578	216	4702	910
24/03/2014	21:09:26	19	Mesur_Alc	3345	1455	2184	3729	4579	221	4706	908
24/03/2014	21:09:53	19	Mesur_Alc	3361	1457	2177	3729	4578	225	4710	906
24/03/2014	21:10:01	19	Mesur_Alc	3364	1456	2174	3729	4578	228	4712	905
24/03/2014	21:39:02	20	Blanc_Alc	4653	4823	4033	3730	4578	219	4704	909
24/03/2014	21:39:10	20	Blanc_Alc	4652	4821	4030	3730	4578	225	4709	906
24/03/2014	21:39:18	20	Blanc_Alc	4655	4829	4037	3730	4578	230	4713	905
24/03/2014	21:39:26	20	Mesur_Alc	4635	2024	3003	3730	4578	234	4716	903
24/03/2014	21:39:53	20	Mesur_Alc	4638	2017	3009	3730	4578	238	4720	902
24/03/2014	21:40:01	20	Mesur_Alc	4640	2012	3015	3730	4578	242	4723	900
24/03/2014	22:09:02	21	Blanc_Alc	4962	5145	4297	3730	4578	37	4559	974
24/03/2014	22:09:10	21	Blanc_Alc	4970	5150	4301	3730	4579	49	4568	970
24/03/2014	22:09:18	21	Blanc_Alc	4969	5148	4298	3730	4578	57	4575	966
24/03/2014	22:09:26	21	Mesur_Alc	4946	2168	3207	3730	4578	64	4581	964
24/03/2014	22:09:53	21	Mesur_Alc	4954	2158	3208	3730	4579	71	4586	961
24/03/2014	22:10:01	21	Mesur_Alc	4961	2145	3205	3730	4578	79	4593	958
24/03/2014	22:38:50	22	Blanc_Alc	3416	3522	2961	3730	4578	8183	4523	990
24/03/2014	22:38:58	22	Blanc_Alc	3418	3524	2968	3730	4578	5	4534	985
24/03/2014	22:39:06	22	Blanc_Alc	3412	3527	2964	3730	4578	14	4541	982
24/03/2014	22:39:14	22	Mesur_Alc	3354	1454	2188	3730	4578	25	4550	978
24/03/2014	22:39:41	22	Mesur_Alc	3354	1454	2181	3730	4578	33	4556	975
24/03/2014	22:39:49	22	Mesur_Alc	3357	1452	2186	3730	4578	41	4562	972
24/03/2014	23:08:44	23	Blanc_Alc	3414	3527	2950	3730	4578	101	4610	951
24/03/2014	23:08:52	23	Blanc_Alc	3417	3534	2969	3730	4578	113	4620	946
24/03/2014	23:09:00	23	Blanc_Alc	3417	3534	2966	3730	4578	123	4628	942
24/03/2014	23:09:08	23	Mesur_Alc	3347	1442	2188	3730	4578	134	4636	939
24/03/2014	23:09:35	23	Mesur_Alc	3364	1448	2183	3730	4578	141	4642	936
24/03/2014	23:09:43	23	Mesur_Alc	3359	1453	2186	3730	4579	149	4648	934
24/03/2014	23:38:38	24	Blanc_Alc	3416	3525	2947	3730	4578	223	4708	907
24/03/2014	23:38:46	24	Blanc_Alc	3415	3530	2967	3730	4578	237	4719	902
24/03/2014	23:38:54	24	Blanc_Alc	3421	3531	2961	3730	4578	248	4728	898
24/03/2014	23:39:02	24	Mesur_Alc	3352	1453	2188	3730	4578	258	4736	895
24/03/2014	23:39:29	24	Mesur_Alc	3363	1448	2189	3730	4578	267	4743	892
24/03/2014	23:39:37	24	Mesur_Alc	3361	1451	2174	3730	4578	277	4751	888
25/03/2014	00:08:37	25	Blanc_Alc	3415	3532	2947	3730	4578	242	4723	900
25/03/2014	00:08:45	25	Blanc_Alc	3417	3528	2969	3730	4578	259	4736	895
25/03/2014	00:08:53	25	Blanc_Alc	3418	3538	2965	3730	4578	272	4747	890
25/03/2014	00:09:01	25	Mesur_Alc	3346	1452	2189	3730	4578	282	4755	886
25/03/2014	00:09:29	25	Mesur_Alc	3362	1453	2178	3730	4578	293	4764	882
25/03/2014	00:09:36	25	Mesur_Alc	3363	1456	2176	3730	4578	306	4774	878
25/03/2014	00:38:37	26	Blanc_Alc	4653	4822	4032	3730	4578	233	4716	903
25/03/2014	00:38:45	26	Blanc_Alc	4649	4822	4028	3730	4578	252	4731	897
25/03/2014	00:38:53	26	Blanc_Alc	4653	4827	4036	3730	4579	267	4743	892
25/03/2014	00:39:01	26	Mesur_Alc	4632	2011	3007	3730	4578	280	4753	887
25/03/2014	00:39:28	26	Mesur_Alc	4640	2007	3019	3730	4579	291	4762	883
25/03/2014	00:39:36	26	Mesur_Alc	4638	2002	3017	3730	4579	303	4772	879
25/03/2014	01:08:37	27	Blanc_Alc	4962	5147	4295	3730	4578	227	4711	906
25/03/2014	01:08:45	27	Blanc_Alc	4969	5148	4304	3730	4578	247	4727	899
25/03/2014	01:08:53	27	Blanc_Alc	4971	5150	4297	3730	4578	262	4739	893
25/03/2014	01:09:01	27	Mesur_Alc	4947	2166	3212	3730	4579	275	4749	889
25/03/2014	01:09:28	27	Mesur_Alc	4957	2153	3210	3730	4578	287	4759	885
25/03/2014	01:09:36	27	Mesur_Alc	4963	2140	3208	3730	4578	299	4769	880
25/03/2014	01:38:37	28	Blanc_Alc	3417	3524	2964	3730	4578	262	4739	893
25/03/2014	01:38:45	28	Blanc_Alc	3421	3526	2965	3730	4578	281	4754	887
25/03/2014	01:38:53	28	Blanc_Alc	3412	3526	2961	3730	4578	296	4766	882
25/03/2014	01:39:01	28	Mesur_Alc	3356	1440	2191	3730	4578	309	4777	877
25/03/2014	01:39:29	28	Mesur_Alc	3355	1442	2183	3730	4578	322	4787	872
25/03/2014	01:39:36	28	Mesur_Alc	3356	1432	2191	3730	4578	334	4797	868
25/03/2014	02:08:37	29	Blanc_Alc	3417	3528	2950	3730	4578	261	4738	894
25/03/2014	02:08:45	29	Blanc_Alc	3417	3533	2970	3730	4578	281	4754	887
25/03/2014	02:08:53	29	Blanc_Alc	3420	3537	2963	3730	4578	296	4766	882
25/03/2014	02:09:01	29	Mesur_Alc	3348	1437	2192	3730	4578	310	4778	876
25/03/2014	02:09:29	29	Mesur_Alc	3364	1446	2186	3730	4578	323	4788	872
25/03/2014	02:09:36	29	Mesur_Alc	3360	1452	2186	3730	4578	336	4799	867
25/03/2014	02:38:38	30	Blanc_Alc	3419	3526	2945	3730	4578	249	4728	898
25/03/2014	02:38:45	30	Blanc_Alc	3418	3533	2966	3730	4578	270	4745	891
25/03/2014	02:38:53	30	Blanc_Alc	3424	3533	2959	3730	4578	286	4758	885
25/03/2014	02:39:01	30	Mesur_Alc	3349	1452	2162	3730	4578	299	4769	880
25/03/2014	02:39:29	30	Mesur_Alc	3360	1453	2180	3730	4578	312	4779	876
25/03/2014	02:39:36	30	Mesur_Alc	3364	1448	2179	3730	4578	325	4790	871
25/03/2014	03:08:38	31	Blanc_Alc	3415	3529	2947	3730	4578	257	4735	895
25/03/2014	03:08:45	31	Blanc_Alc	3418	3528	2971	3730	4578	278	4752	888
25/03/2014	03:08:53	31	Blanc_Alc	3417	3536	2967	3730	4578	294	4765	882
25/03/2014	03:09:01	31	Mesur_Alc	3346	1449	2193	3730	4578	308	4776	877
25/03/2014	03:09:29	31	Mesur_Alc	3362	1450	2178	3730	4578	321	4786	873
25/03/2014	03:09:36	31	Mesur_Alc	3361	1452	2176	3730	4578	333	4796	869
25/03/2014	03:38:37	32	Blanc_Alc	4650	4823	4032	3730	4578	268	4744	891
25/03/2014	03:38:45	32	Blanc_Alc	4650	4821	4025	3730	4578	288	4760	884
25/03/2014	03:38:53	32	Blanc_Alc	4653	4825	4034	3730	4578	303	4772	879
25/03/2014	03:39:01	32	Mesur_Alc	4634	2010	3008	3730	4578	317	4783	874
25/03/2014	03:39:29	32	Mesur_Alc	4638	2004	3013	3730	4578	329	4793	870
25/03/2014	03:39:36	32	Mesur_Alc	4640	2002	3020	3730	4578	342	4803	866
25/03/2014	04:08:38	33	Blanc_Alc	4965	5145	4296	3730	4578	259	4736	895
25/03/2014	04:08:45	33	Blanc_Alc	4971	5147	4304	3730	4578	279	4753	887
25/03/2014	04:08:53	33	Blanc_Alc	4972	5149	4298	3730	4578	295	4765	882
25/03/2014	04:09:01	33	Mesur_Alc	4948	2162	3212	3730	4578	309	4777	877
25/03/2014	04:09:29	33	Mesur_Alc	4954	2151	3212	3730	4578	322	4787	872
25/03/2014	04:09:37	33	Mesur_Alc	4960	2135	3209	3730	4578	335	4798	868
25/03/2014	04:38:37	34	Blanc_Alc	3416	3525	2962	3730	4578	272	4747	890
25/03/2014	04:38:45	34	Blanc_Alc	3418	3525	2967	3730	4578	293	4764	882
25/03/2014	04:38:53	34	Blanc_Alc	3415	3523	2961	3730	4578	309	4777	877
25/03/2014	04:39:01	34	Mesur_Alc	3356	1455	2185	3730	4578	321	4786	873
25/03/2014	04:39:28	34	Mesur_Alc	3358	1457	2188	3730	4578	334	4797	868
25/03/2014	04:39:36	34	Mesur_Alc	3353	1441	2185	3730	4578	347	4807	864
25/03/2014	05:08:38	35	Blanc_Alc	3418	3531	2952	3730	4578	220	4705	908
25/03/2014	05:08:45	35	Blanc_Alc	3416	3535	2972	3730	4578	240	4721	901
25/03/2014	05:08:53	35	Blanc_Alc	3419	3537	2962	3730	4578	257	4735	895
25/03/2014	05:09:01	35	Mesur_Alc	3348	1456	2173	3730	4578	270	4745	891
25/03/2014	05:09:29	35	Mesur_Alc	3366	1461	2178	3730	4578	284	4757	885
25/03/2014	05:09:36	35	Mesur_Alc	3362	1467	2178	3730	4578	297	4767	881
25/03/2014	05:38:38	36	Blanc_Alc	4967	5145	4299	3730	4578	179	4672	923
25/03/2014	05:38:45	36	Blanc_Alc	4972	5150	4304	3730	4578	199	4688	916
25/03/2014	05:38:53	36	Blanc_Alc	4970	5150	4301	3730	4578	216	4702	910
25/03/2014	05:39:01	36	Mesur_Alc	4951	2160	3207	3730	4578	229	4712	905
25/03/2014	05:39:29	36	Mesur_Alc	4954	2160	3209	3730	4578	242	4723	900
25/03/2014	05:39:36	36	Mesur_Alc	4960	2164	3201	3730	4578	255	4733	896
25/03/2014	06:08:37	37	Blanc_Alc	3413	3523	2962	3730	4578	149	4648	934
25/03/2014	06:08:45	37	Blanc_Alc	3419	3528	2968	3730	4578	169	4664	926
25/03/2014	06:08:53	37	Blanc_Alc	3414	3524	2961	3730	4578	184	4676	921
25/03/2014	06:09:01	37	Mesur_Alc	3357	1458	2170	3730	4578	199	4688	916
25/03/2014	06:09:29	37	Mesur_Alc	3356	1456	2175	3730	4578	212	4699	911
25/03/2014	06:09:36	37	Mesur_Alc	3352	1467	2179	3730	4579	224	4708	907
25/03/2014	06:38:38	38	Blanc_Alc	3417	3528	2952	3730	4578	108	4616	948
25/03/2014	06:38:45	38	Blanc_Alc	3416	3534	2972	3730	4578	128	4632	941
25/03/2014	06:38:53	38	Blanc_Alc	3421	3537	2959	3730	4578	144	4644	935
25/03/2014	06:39:01	38	Mesur_Alc	3350	1466	2177	3730	4579	158	4655	930
25/03/2014	06:39:29	38	Mesur_Alc	3367	1467	2169	3730	4578	171	4666	925
25/03/2014	06:39:36	38	Mesur_Alc	3360	1472	2173	3730	4578	183	4676	921
25/03/2014	07:08:37	39	Blanc_Alc	4964	5147	4302	3730	4578	105	4613	949
25/03/2014	07:08:45	39	Blanc_Alc	4974	5152	4302	3730	4578	124	4628	942
25/03/2014	07:08:53	39	Blanc_Alc	4968	5149	4303	3730	4578	139	4640	937
25/03/2014	07:09:01	39	Mesur_Alc	3350	1466	2177	3730	4578	153	4652	932
25/03/2014	07:09:29	39	Mesur_Alc	3367	1467	2169	3730	4578	165	4661	928
25/03/2014	07:09:36	39	Mesur_Alc	3360	1472	2173	3730	4578	177	4671	923
25/03/2014	07:38:38	40	Blanc_Alc	4964	5147	4302	3730	4578	114	4620	946
25/03/2014	07:38:45	40	Blanc_Alc	4974	5152	4302	3730	4578	132	4635	939
25/03/2014	07:38:53	40	Blanc_Alc	4968	5149	4303	3730	4578	147	4647	934
25/03/2014	07:39:01	40	Mesur_Alc	3350	1476	2177	3730	4578	161	4658	929
25/03/2014	07:39:29	40	Mesur_Alc	3367	1467	2169	3730	4578	172	4667	925
25/03/2014	07:39:36	40	Mesur_Alc	3360	1472	2173	3730	4578	184	4676	921
25/03/2014	08:08:38	41	Blanc_Alc	4963	5144	4299	3730	4579	27	4551	977
25/03/2014	08:08:46	41	Blanc_Alc	4974	5155	4303	3730	4578	46	4566	971
25/03/2014	08:08:54	41	Blanc_Alc	4967	5150	4303	3730	4578	61	4578	965
25/03/2014	08:09:02	41	Mesur_Alc	3350	1474	2174	3730	4578	75	4589	960
25/03/2014	08:09:29	41	Mesur_Alc	3368	1469	2170	3730	4578	87	4599	956
25/03/2014	08:09:37	41	Mesur_Alc	3361	1471	2171	3730	4578	99	4608	951
25/03/2014	08:38:38	42	Blanc_Alc	4962	5141	4298	3730	4578	44	4565	971
25/03/2014	08:38:46	42	Blanc_Alc	4971	5152	4306	3730	4578	60	4577	966
25/03/2014	08:38:53	42	Blanc_Alc	4967	5150	4304	3730	4578	73	4588	961
25/03/2014	08:39:01	42	Mesur_Alc	3350	1476	2182	3730	4578	86	4598	956
25/03/2014	08:39:29	42	Mesur_Alc	3370	1470	2167	3730	4578	96	4606	952
25/03/2014	08:39:37	42	Mesur_Alc	3360	1473	2169	3730	4578	107	4615	948
25/03/2014	09:08:38	43	Blanc_Alc	4962	5140	4295	3730	4578	8166	4509	997
25/03/2014	09:08:46	43	Blanc_Alc	4974	5155	4306	3730	4578	8181	4521	991
25/03/2014	09:08:53	43	Blanc_Alc	4968	5149	4304	3730	4578	2	4531	987
25/03/2014	09:09:01	43	Mesur_Alc	3350	1479	2171	3730	4579	15	4541	982
25/03/2014	09:09:29	43	Mesur_Alc	3373	1473	2175	3730	4578	25	4550	978
25/03/2014	09:09:37	43	Mesur_Alc	3363	1475	2171	3730	4578	35	4558	974
25/03/2014	09:38:38	44	Blanc_Alc	4962	5138	4294	3730	4578	8044	4413	1042
25/03/2014	09:38:46	44	Blanc_Alc	4975	5157	4309	3730	4578	8058	4424	1036
25/03/2014	09:38:53	44	Blanc_Alc	4967	5148	4303	3730	4578	8069	4433	1032
25/03/2014	09:39:01	44	Mesur_Alc	3352	1481	2180	3730	4578	8083	4444	1027
25/03/2014	09:39:29	44	Mesur_Alc	3370	1477	2170	3730	4578	8091	4450	1024
25/03/2014	09:39:37	44	Mesur_Alc	3365	1476	2166	3730	4578	8099	4457	1021
25/03/2014	10:08:38	45	Blanc_Alc	4960	5137	4294	3730	4578	7930	4324	1084
25/03/2014	10:08:46	45	Blanc_Alc	4978	5159	4309	3730	4578	7941	4333	1080
25/03/2014	10:08:53	45	Blanc_Alc	4964	5147	4305	3730	4578	7951	4341	1076
25/03/2014	10:09:01	45	Mesur_Alc	3350	1482	2179	3730	4578	7964	4351	1071
25/03/2014	10:09:29	45	Mesur_Alc	3368	1482	2164	3730	4578	7971	4356	1069
25/03/2014	10:09:37	45	Mesur_Alc	3363	1479	2165	3730	4578	7978	4362	1066
25/03/2014	10:38:38	46	Blanc_Alc	4961	5134	4292	3730	4578	7820	4239	1126
25/03/2014	10:38:46	46	Blanc_Alc	4979	5159	4312	3730	4578	7829	4246	1123
25/03/2014	10:38:54	46	Blanc_Alc	4961	5147	4308	3730	4578	7836	4251	1120
25/03/2014	10:39:01	46	Mesur_Alc	3349	1486	2165	3730	4578	7849	4261	1115
25/03/2014	10:39:29	46	Mesur_Alc	3371	1485	2175	3729	4578	7854	4266	1113
25/03/2014	10:39:37	46	Mesur_Alc	3361	1479	2168	3729	4578	7859	4269	1111
25/03/2014	11:08:38	47	Blanc_Alc	4964	5136	4293	3729	4578	7767	4198	1146
25/03/2014	11:08:46	47	Blanc_Alc	4976	5161	4309	3729	4578	7774	4204	1143
25/03/2014	11:08:53	47	Blanc_Alc	4958	5148	4305	3729	4578	7780	4208	1141
25/03/2014	11:09:01	47	Mesur_Alc	3348	1486	2165	3729	4578	7791	4217	1137
25/03/2014	11:09:29	47	Mesur_Alc	3373	1486	2173	3729	4578	7795	4220	1135
25/03/2014	11:09:37	47	Mesur_Alc	3364	1482	2168	3729	4578	7799	4223	1134
25/03/2014	11:38:38	48	Blanc_Alc	4967	5135	4295	3729	4578	7772	4202	1144
25/03/2014	11:38:46	48	Blanc_Alc	4976	5159	4310	3729	4578	7778	4207	1142
25/03/2014	11:38:53	48	Blanc_Alc	4955	5148	4304	3729	4578	7782	4210	1140
25/03/2014	11:39:01	48	Mesur_Alc	3346	1489	2165	3729	4578	7792	4218	1136
25/03/2014	11:39:29	48	Mesur_Alc	3372	1489	2172	3729	4578	7795	4220	1135
25/03/2014	11:39:37	48	Mesur_Alc	3367	1483	2167	3729	4578	7799	4223	1134
25/03/2014	12:08:38	49	Blanc_Alc	4968	5135	4295	3729	4578	7763	4195	1148
25/03/2014	12:08:46	49	Blanc_Alc	4977	5159	4313	3729	4578	7769	4200	1145
25/03/2014	12:08:53	49	Blanc_Alc	4953	5145	4305	3729	4578	7773	4203	1144
25/03/2014	12:09:01	49	Mesur_Alc	3343	1492	2162	3729	4578	7781	4209	1141
25/03/2014	12:09:29	49	Mesur_Alc	3369	1489	2169	3729	4578	7784	4211	1140
25/03/2014	12:09:37	49	Mesur_Alc	3368	1484	2167	3729	4578	7788	4214	1138
25/03/2014	12:38:38	50	Blanc_Alc	4969	5135	4292	3729	4579	7746	4182	1154
25/03/2014	12:38:46	50	Blanc_Alc	4977	5161	4311	3729	4578	7751	4186	1152
25/03/2014	12:38:54	50	Blanc_Alc	4953	5148	4304	3729	4579	7755	4189	1151
25/03/2014	12:39:01	50	Mesur_Alc	3343	1492	2164	3729	4578	7763	4195	1148
25/03/2014	12:39:29	50	Mesur_Alc	3371	1490	2166	3729	4578	7767	4198	1146
25/03/2014	12:39:37	50	Mesur_Alc	3369	1484	2166	3729	4578	7770	4201	1145
25/03/2014	13:08:38	51	Blanc_Alc	4962	5137	4291	3729	4579	7681	4132	1180
25/03/2014	13:08:46	51	Blanc_Alc	4974	5158	4313	3729	4578	7686	4136	1178
25/03/2014	13:08:53	51	Blanc_Alc	4965	5144	4303	3729	4578	7690	4139	1176
25/03/2014	13:09:01	51	Mesur_Alc	3345	1492	2156	3729	4578	7698	4145	1173
25/03/2014	13:09:29	51	Mesur_Alc	3366	1497	2167	3729	4578	7701	4148	1172
25/03/2014	13:09:37	51	Mesur_Alc	3358	1486	2163	3729	4578	7704	4150	1171
25/03/2014	13:38:38	52	Blanc_Alc	4965	5140	4292	3729	4578	7704	4150	1171
25/03/2014	13:38:46	52	Blanc_Alc	4971	5159	4314	3729	4578	7707	4152	1170
25/03/2014	13:38:53	52	Blanc_Alc	4962	5143	4304	3729	4578	7710	4154	1169
25/03/2014	13:39:01	52	Mesur_Alc	3345	1497	2160	3729	4578	7716	4159	1166
25/03/2014	13:39:29	52	Mesur_Alc	3367	1498	2167	3729	4578	7718	4161	1165
25/03/2014	13:39:37	52	Mesur_Alc	3360	1480	2163	3729	4578	7720	4162	1165
25/03/2014	14:08:38	53	Blanc_Alc	4966	5138	4289	3729	4579	7744	4180	1155
25/03/2014	14:08:46	53	Blanc_Alc	4969	5160	4316	3729	4578	7747	4183	1154
25/03/2014	14:08:54	53	Blanc_Alc	4963	5145	4301	3729	4578	7749	4184	1153
25/03/2014	14:09:01	53	Mesur_Alc	3348	1485	2158	3729	4578	7754	4188	1151
25/03/2014	14:09:29	53	Mesur_Alc	3367	1499	2167	3729	4578	7756	4190	1150
25/03/2014	14:09:37	53	Mesur_Alc	3360	1494	2160	3729	4578	7758	4191	1150
25/03/2014	14:38:38	54	Blanc_Alc	4964	5138	4291	3729	4578	7638	4099	1197
25/03/2014	14:38:46	54	Blanc_Alc	4968	5162	4318	3729	4578	7642	4102	1195
25/03/2014	14:38:53	54	Blanc_Alc	4962	5143	4301	3729	4578	7645	4105	1194
25/03/2014	14:39:01	54	Mesur_Alc	3345	1505	2157	3729	4578	7651	4109	1192
25/03/2014	14:39:29	54	Mesur_Alc	3369	1493	2165	3729	4578	7653	4111	1191
25/03/2014	14:39:37	54	Mesur_Alc	3361	1491	2167	3729	4578	7656	4113	1190
25/03/2014	15:08:38	55	Blanc_Alc	4961	5137	4288	3729	4578	7656	4113	1190
25/03/2014	15:08:46	55	Blanc_Alc	4965	5162	4318	3729	4578	7659	4115	1188
25/03/2014	15:08:53	55	Blanc_Alc	4960	5142	4304	3729	4578	7661	4117	1187
25/03/2014	15:09:01	55	Mesur_Alc	3348	1509	2165	3729	4578	7666	4121	1185
25/03/2014	15:09:29	55	Mesur_Alc	3371	1482	2163	3725	4578	7668	4123	1184
25/03/2014	15:09:37	55	Mesur_Alc	3359	1497	2164	3729	4578	7670	4124	1184
25/03/2014	15:38:38	56	Blanc_Alc	4964	5135	4285	3729	4578	7607	4076	1209
25/03/2014	15:38:46	56	Blanc_Alc	4964	5165	4319	3729	4578	7609	4077	1208
25/03/2014	15:38:53	56	Blanc_Alc	4961	5145	4303	3729	4578	7610	4078	1208
25/03/2014	15:39:01	56	Mesur_Alc	3350	1482	2165	3729	4578	7615	4082	1205
25/03/2014	15:39:29	56	Mesur_Alc	3372	1506	2165	3729	4578	7616	4082	1205
25/03/2014	15:39:37	56	Mesur_Alc	3356	1503	2158	3729	4578	7617	4083	1205
25/03/2014	16:08:38	57	Blanc_Alc	4962	5136	4284	3729	4578	7626	4090	1201
25/03/2014	16:08:46	57	Blanc_Alc	4962	5164	4322	3729	4578	7627	4091	1201
25/03/2014	16:08:53	57	Blanc_Alc	4958	5147	4306	3729	4579	7628	4091	1201
25/03/2014	16:09:01	57	Mesur_Alc	3349	1502	2162	3729	4578	7631	4094	1199
25/03/2014	16:09:29	57	Mesur_Alc	3369	1501	2165	3729	4578	7632	4095	1199
25/03/2014	16:09:37	57	Mesur_Alc	3357	1502	2161	3729	4578	7633	4095	1199
25/03/2014	16:38:38	58	Blanc_Alc	5529	5714	4765	3729	4578	7645	4105	1194
25/03/2014	16:38:46	58	Blanc_Alc	5529	5713	4764	3729	4578	7646	4105	1194
25/03/2014	16:38:54	58	Blanc_Alc	5529	5714	4763	3729	4578	7647	4106	1193
25/03/2014	16:39:01	58	Mesur_Alc	5445	2433	3492	3729	4578	7649	4108	1192
25/03/2014	16:39:29	58	Mesur_Alc	5477	2430	3493	3729	4578	7650	4108	1192
25/03/2014	16:39:37	58	Mesur_Alc	5481	2437	3499	3729	4578	7650	4108	1192
25/03/2014	17:08:38	59	Blanc_Alc	5529	5712	4765	3729	4578	7631	4094	1199
25/03/2014	17:08:46	59	Blanc_Alc	5527	5714	4764	3729	4578	7632	4095	1199
25/03/2014	17:08:53	59	Blanc_Alc	5527	5714	4765	3729	4578	7633	4095	1199
25/03/2014	17:09:01	59	Mesur_Alc	5446	2434	3499	3729	4578	7635	4097	1198
25/03/2014	17:09:29	59	Mesur_Alc	5478	2434	3491	3729	4578	7636	4098	1197
25/03/2014	17:09:37	59	Mesur_Alc	5482	2442	3497	3729	4578	7637	4098	1197
25/03/2014	17:38:38	60	Blanc_Alc	5528	5713	4766	3729	4578	7638	4099	1197
25/03/2014	17:38:46	60	Blanc_Alc	5529	5714	4761	3729	4578	7639	4100	1196
25/03/2014	17:38:53	60	Blanc_Alc	5524	5716	4767	3729	4578	7640	4101	1196
25/03/2014	17:39:01	60	Mesur_Alc	5449	2437	3499	3729	4578	7642	4102	1195
25/03/2014	17:39:29	60	Mesur_Alc	5478	2439	3488	3729	4578	7643	4103	1195
25/03/2014	17:39:37	60	Mesur_Alc	5480	2444	3499	3729	4578	7644	4104	1194
25/03/2014	18:08:38	61	Blanc_Alc	5530	5716	4768	3729	4578	7693	4141	1175
25/03/2014	18:08:46	61	Blanc_Alc	5529	5712	4763	3729	4578	7694	4142	1175
25/03/2014	18:08:53	61	Blanc_Alc	5523	5716	4767	3729	4578	7695	4143	1174
25/03/2014	18:09:01	61	Mesur_Alc	5451	2438	3497	3729	4578	7697	4144	1174
25/03/2014	18:09:29	61	Mesur_Alc	5477	2443	3495	3729	4578	7698	4145	1173
25/03/2014	18:09:37	61	Mesur_Alc	5481	2449	3496	3729	4578	7699	4146	1173
25/03/2014	18:38:38	62	Blanc_Alc	5527	5714	4767	3729	4578	7751	4186	1152
25/03/2014	18:38:46	62	Blanc_Alc	5529	5709	4763	3729	4578	7753	4188	1151
25/03/2014	18:38:54	62	Blanc_Alc	5526	5714	4764	3729	4578	7754	4188	1151
25/03/2014	18:39:01	62	Mesur_Alc	5453	2442	3496	3729	4578	7756	4190	1150
25/03/2014	18:39:29	62	Mesur_Alc	5477	2448	3493	3729	4578	7757	4191	1150
25/03/2014	18:39:37	62	Mesur_Alc	5484	2450	3499	3729	4578	7758	4191	1150
25/03/2014	19:08:50	63	Blanc_Alc	5524	5711	4765	3729	4578	7773	4203	1144
25/03/2014	19:08:58	63	Blanc_Alc	5526	5707	4760	3729	4578	7776	4205	1143
25/03/2014	19:09:06	63	Blanc_Alc	5525	5712	4762	3729	4578	7779	4208	1141
25/03/2014	19:09:13	63	Mesur_Alc	5455	2444	3504	3729	4578	7782	4210	1140
25/03/2014	19:09:41	63	Mesur_Alc	5479	2451	3489	3729	4578	7784	4211	1140
25/03/2014	19:09:49	63	Mesur_Alc	5483	2452	3491	3729	4578	7786	4213	1139
25/03/2014	19:38:50	64	Blanc_Alc	5527	5708	4763	3729	4579	7849	4261	1115
25/03/2014	19:38:58	64	Blanc_Alc	5527	5706	4763	3729	4578	7852	4264	1114
25/03/2014	19:39:05	64	Blanc_Alc	5524	5714	4760	3729	4578	7854	4266	1113
25/03/2014	19:39:13	64	Mesur_Alc	5456	2447	3493	3729	4578	7857	4268	1112
25/03/2014	19:39:41	64	Mesur_Alc	5479	2454	3491	3729	4578	7859	4269	1111
25/03/2014	19:39:49	64	Mesur_Alc	5480	2453	3491	3729	4578	7861	4271	1110
25/03/2014	20:08:38	65	Blanc_Alc	5524	5706	4766	3729	4578	7941	4333	1080
25/03/2014	20:08:46	65	Blanc_Alc	5528	5708	4766	3729	4578	7945	4336	1078
25/03/2014	20:08:54	65	Blanc_Alc	5525	5713	4761	3729	4578	7947	4338	1078
25/03/2014	20:09:01	65	Mesur_Alc	5456	2452	3492	3729	4578	7950	4340	1077
25/03/2014	20:09:29	65	Mesur_Alc	5479	2455	3491	3729	4579	7952	4341	1076
25/03/2014	20:09:37	65	Mesur_Alc	5479	2453	3498	3729	4578	7954	4343	1075
25/03/2014	20:38:38	66	Blanc_Alc	4965	5145	4296	3729	4578	8044	4414	1041
25/03/2014	20:38:46	66	Blanc_Alc	4971	5147	4304	3729	4579	8050	4418	1039
25/03/2014	20:38:53	66	Blanc_Alc	4972	5149	4298	3729	4578	8054	4422	1037
25/03/2014	20:39:01	66	Mesur_Alc	4948	2232	3165	3729	4578	8058	4425	1036
25/03/2014	20:39:29	66	Mesur_Alc	4954	2231	3175	3729	4578	8061	4427	1035
25/03/2014	20:39:37	66	Mesur_Alc	4960	2235	3179	3729	4578	8065	4430	1034
25/03/2014	21:08:38	67	Blanc_Alc	4967	5147	4297	3729	4578	8129	4481	1010
25/03/2014	21:08:46	67	Blanc_Alc	4971	5148	4304	3729	4578	8136	4486	1007
25/03/2014	21:08:54	67	Blanc_Alc	4975	5146	4296	3729	4578	8142	4491	1005
25/03/2014	21:09:01	67	Mesur_Alc	4946	2233	3163	3729	4578	8147	4495	1003
25/03/2014	21:09:29	67	Mesur_Alc	4954	2217	3169	3729	4578	8152	4499	1001
25/03/2014	21:09:37	67	Mesur_Alc	4962	2235	3175	3729	4578	8156	4502	1000
25/03/2014	21:38:38	68	Blanc_Alc	4969	5146	4298	3730	4578	49	4569	969
25/03/2014	21:38:46	68	Blanc_Alc	4973	5147	4306	3729	4578	59	4577	966
25/03/2014	21:38:54	68	Blanc_Alc	4972	5146	4299	3729	4578	66	4583	963
25/03/2014	21:39:01	68	Mesur_Alc	4947	2225	3161	3729	4578	73	4588	961
25/03/2014	21:39:29	68	Mesur_Alc	4953	2220	3172	3730	4578	79	4593	958
25/03/2014	21:39:37	68	Mesur_Alc	4961	2234	3175	3729	4578	85	4598	956
25/03/2014	22:08:38	69	Blanc_Alc	4963	5146	4298	3730	4578	142	4643	936
25/03/2014	22:08:46	69	Blanc_Alc	4969	5148	4302	3730	4578	154	4652	932
25/03/2014	22:08:53	69	Blanc_Alc	4970	5147	4297	3730	4578	163	4660	928
25/03/2014	22:09:01	69	Mesur_Alc	4946	2224	3164	3729	4578	171	4666	925
25/03/2014	22:09:29	69	Mesur_Alc	4956	2235	3175	3730	4578	178	4672	923
25/03/2014	22:09:37	69	Mesur_Alc	4959	2225	3178	3730	4578	185	4677	921
25/03/2014	22:38:38	70	Blanc_Alc	4967	5145	4294	3730	4579	211	4698	911
25/03/2014	22:38:46	70	Blanc_Alc	4971	5147	4306	3730	4578	225	4709	906
25/03/2014	22:38:54	70	Blanc_Alc	4973	5151	4299	3730	4578	236	4718	902
25/03/2014	22:39:01	70	Mesur_Alc	4950	2221	3163	3730	4578	245	4725	899
25/03/2014	22:39:29	70	Mesur_Alc	4956	2236	3175	3730	4578	254	4732	896
25/03/2014	22:39:37	70	Mesur_Alc	4961	2231	3177	3730	4578	262	4739	893
25/03/2014	23:08:38	71	Blanc_Alc	4968	5146	4292	3730	4578	279	4753	887
25/03/2014	23:08:46	71	Blanc_Alc	4971	5149	4305	3730	4578	295	4765	882
25/03/2014	23:08:53	71	Blanc_Alc	4973	5152	4301	3730	4578	307	4775	878
25/03/2014	23:09:01	71	Mesur_Alc	4951	2221	3162	3730	4578	318	4784	874
25/03/2014	23:09:29	71	Mesur_Alc	4958	2241	3171	3730	4578	328	4792	870
25/03/2014	23:09:37	71	Mesur_Alc	4959	2231	3174	3730	4578	338	4800	867
25/03/2014	23:38:38	72	Blanc_Alc	4970	5144	4291	3730	4578	339	4801	866
25/03/2014	23:38:46	72	Blanc_Alc	4970	5149	4305	3730	4578	357	4816	860
25/03/2014	23:38:54	72	Blanc_Alc	4973	5152	4302	3730	4578	371	4827	855
25/03/2014	23:39:01	72	Mesur_Alc	4951	2222	3159	3730	4578	383	4837	851
25/03/2014	23:39:29	72	Mesur_Alc	4957	2241	3170	3730	4578	394	4845	848
25/03/2014	23:39:37	72	Mesur_Alc	4957	2235	3173	3730	4578	405	4854	844
26/03/2014	00:08:38	73	Blanc_Alc	4972	5142	4291	3730	4578	382	4836	851
26/03/2014	00:08:46	73	Blanc_Alc	4971	5149	4307	3730	4578	403	4853	844
26/03/2014	00:08:54	73	Blanc_Alc	4974	5152	4302	3730	4578	418	4865	839
26/03/2014	00:09:01	73	Mesur_Alc	4949	2222	3156	3730	4578	430	4875	835
26/03/2014	00:09:29	73	Mesur_Alc	4955	2241	3168	3730	4578	442	4884	831
26/03/2014	00:09:37	73	Mesur_Alc	4955	2241	3171	3730	4578	454	4894	827
26/03/2014	00:38:38	74	Blanc_Alc	4972	5140	4292	3730	4579	421	4867	838
26/03/2014	00:38:45	74	Blanc_Alc	4973	5150	4306	3730	4578	443	4885	831
26/03/2014	00:38:53	74	Blanc_Alc	4972	5150	4302	3730	4578	459	4898	825
26/03/2014	00:39:01	74	Mesur_Alc	4948	2224	3156	3730	4578	472	4909	820
26/03/2014	00:39:29	74	Mesur_Alc	4957	2245	3167	3730	4578	485	4920	816
26/03/2014	00:39:36	74	Mesur_Alc	4956	2241	3171	3730	4578	499	4931	811
26/03/2014	01:08:38	75	Blanc_Alc	4973	5140	4293	3730	4578	456	4896	826
26/03/2014	01:08:45	75	Blanc_Alc	4971	5152	4308	3730	4578	478	4914	818
26/03/2014	01:08:53	75	Blanc_Alc	4972	5148	4302	3730	4578	496	4928	812
26/03/2014	01:09:01	75	Mesur_Alc	4950	2236	3167	3730	4578	510	4940	807
26/03/2014	01:09:29	75	Mesur_Alc	4957	2231	3166	3730	4578	524	4951	803
26/03/2014	01:09:36	75	Mesur_Alc	4954	2246	3169	3730	4578	539	4964	797
26/03/2014	01:38:38	76	Blanc_Alc	4971	5139	4292	3730	4578	479	4915	818
26/03/2014	01:38:46	76	Blanc_Alc	4972	5124	4306	3730	4578	503	4934	810
26/03/2014	01:38:53	76	Blanc_Alc	4971	5147	4304	3730	4578	522	4950	803
26/03/2014	01:39:01	76	Mesur_Alc	4950	2219	3165	3730	4579	536	4961	799
26/03/2014	01:39:29	76	Mesur_Alc	4957	2241	3164	3730	4578	552	4974	793
26/03/2014	01:39:37	76	Mesur_Alc	4953	2249	3167	3730	4578	568	4987	788
26/03/2014	02:08:38	77	Blanc_Alc	4973	5138	4290	3730	4578	462	4901	824
26/03/2014	02:08:45	77	Blanc_Alc	4970	5123	4307	3730	4578	487	4921	815
26/03/2014	02:08:53	77	Blanc_Alc	4973	5146	4302	3730	4578	507	4937	809
26/03/2014	02:09:01	77	Mesur_Alc	4951	2221	3164	3730	4578	523	4951	803
26/03/2014	02:09:29	77	Mesur_Alc	4956	2244	3162	3730	4578	538	4963	798
26/03/2014	02:09:37	77	Mesur_Alc	4952	2250	3167	3730	4578	554	4976	792
26/03/2014	02:38:38	78	Blanc_Alc	4974	5138	4292	3730	4578	445	4887	830
26/03/2014	02:38:46	78	Blanc_Alc	4971	5121	4309	3730	4578	470	4907	821
26/03/2014	02:38:53	78	Blanc_Alc	4975	5148	4303	3730	4578	490	4924	814
26/03/2014	02:39:01	78	Mesur_Alc	4949	2223	3162	3730	4578	506	4937	809
26/03/2014	02:39:29	78	Mesur_Alc	4955	2238	3164	3730	4578	523	4951	803
26/03/2014	02:39:37	78	Mesur_Alc	4954	2243	3166	3730	4578	539	4964	797
26/03/2014	03:08:38	79	Blanc_Alc	4973	5140	4292	3730	4578	430	4875	835
26/03/2014	03:08:46	79	Blanc_Alc	4970	5123	4308	3730	4578	456	4896	826
26/03/2014	03:08:53	79	Blanc_Alc	4973	5148	4303	3730	4578	477	4913	819
26/03/2014	03:09:01	79	Mesur_Alc	4951	2243	3162	3730	4578	492	4925	814
26/03/2014	03:09:29	79	Mesur_Alc	4954	2248	3168	3730	4578	508	4938	808
26/03/2014	03:09:37	79	Mesur_Alc	4955	2223	3164	3730	4578	525	4952	802
26/03/2014	03:38:38	80	Blanc_Alc	4975	5138	4291	3730	4578	456	4896	826
26/03/2014	03:38:45	80	Blanc_Alc	4970	5123	4308	3730	4578	481	4916	817
26/03/2014	03:38:53	80	Blanc_Alc	4977	5149	4303	3730	4578	501	4933	810
26/03/2014	03:39:01	80	Mesur_Alc	4948	2221	3164	3730	4578	517	4946	805
26/03/2014	03:39:29	80	Mesur_Alc	4953	2237	3159	3730	4578	533	4959	800
26/03/2014	03:39:37	80	Mesur_Alc	4956	2243	3165	3730	4578	549	4972	794
26/03/2014	04:08:38	81	Blanc_Alc	4973	5138	4290	3730	4578	773	5157	719
26/03/2014	04:08:46	81	Blanc_Alc	4970	5123	4307	3730	4578	784	5166	715
26/03/2014	04:08:53	81	Blanc_Alc	4973	5146	4302	3730	4578	793	5173	713
26/03/2014	04:09:01	81	Mesur_Alc	4951	2221	3164	3730	4578	802	5181	710
26/03/2014	04:09:29	81	Mesur_Alc	4956	2244	3162	3730	4578	811	5188	707
26/03/2014	04:09:37	81	Mesur_Alc	4952	2250	3167	3730	4578	820	5196	704
26/03/2014	04:38:38	82	Blanc_Alc	4974	5137	4291	3730	4578	615	5026	772
26/03/2014	04:38:46	82	Blanc_Alc	4971	5124	4306	3730	4578	632	5040	766
26/03/2014	04:38:53	82	Blanc_Alc	4974	5145	4302	3730	4578	647	5052	761
26/03/2014	04:39:01	82	Mesur_Alc	4951	2221	3164	3730	4578	653	5057	759
26/03/2014	04:39:29	82	Mesur_Alc	4957	2244	3160	3730	4578	668	5070	754
26/03/2014	04:39:37	82	Mesur_Alc	4952	2252	3165	3730	4578	682	5081	750
26/03/2014	05:08:38	83	Blanc_Alc	4973	5137	4292	3730	4578	612	5024	773
26/03/2014	05:08:46	83	Blanc_Alc	4971	5123	4305	3730	4578	626	5035	768
26/03/2014	05:08:53	83	Blanc_Alc	4974	5144	4302	3730	4579	638	5045	764
26/03/2014	05:09:01	83	Mesur_Alc	4951	2221	3164	3730	4578	639	5046	764
26/03/2014	05:09:29	83	Mesur_Alc	4956	2244	3160	3730	4578	654	5058	759
26/03/2014	05:09:37	83	Mesur_Alc	4953	2254	3164	3730	4578	668	5070	754
26/03/2014	05:38:38	84	Blanc_Alc	4974	5137	4292	3730	4578	623	5033	769
26/03/2014	05:38:46	84	Blanc_Alc	4970	5122	4306	3730	4578	641	5047	763
26/03/2014	05:38:53	84	Blanc_Alc	4975	5143	4301	3730	4578	656	5060	758
26/03/2014	05:39:01	84	Mesur_Alc	4951	2222	3163	3730	4578	666	5068	755
26/03/2014	05:39:29	84	Mesur_Alc	4956	2246	3160	3730	4578	680	5080	750
26/03/2014	05:39:37	84	Mesur_Alc	4953	2256	3162	3730	4578	694	5091	745
26/03/2014	06:08:38	85	Blanc_Alc	4973	5138	4293	3730	4578	662	5065	756
26/03/2014	06:08:46	85	Blanc_Alc	4970	5121	4306	3730	4578	679	5079	750
26/03/2014	06:08:53	85	Blanc_Alc	4974	5143	4302	3730	4578	692	5089	746
26/03/2014	06:09:01	85	Mesur_Alc	4950	2222	3164	3730	4578	697	5094	744
26/03/2014	06:09:29	85	Mesur_Alc	4955	2246	3160	3730	4579	712	5106	739
26/03/2014	06:09:37	85	Mesur_Alc	4954	2256	3161	3730	4578	726	5118	735
26/03/2014	06:38:38	86	Blanc_Alc	4974	5137	4294	3730	4578	664	5066	756
26/03/2014	06:38:46	86	Blanc_Alc	4971	5120	4305	3730	4578	683	5082	749
26/03/2014	06:38:53	86	Blanc_Alc	4974	5142	4303	3730	4578	699	5095	744
26/03/2014	06:39:01	86	Mesur_Alc	4950	2222	3159	3730	4578	707	5102	741
26/03/2014	06:39:29	86	Mesur_Alc	4955	2247	3158	3730	4578	721	5113	737
26/03/2014	06:39:37	86	Mesur_Alc	4953	2257	3166	3730	4578	736	5126	731
26/03/2014	07:08:38	87	Blanc_Alc	4974	5138	4294	3730	4578	702	5098	743
26/03/2014	07:08:46	87	Blanc_Alc	4970	5121	4305	3730	4578	718	5111	737
26/03/2014	07:08:53	87	Blanc_Alc	4973	5142	4304	3730	4578	732	5123	733
26/03/2014	07:09:01	87	Mesur_Alc	4950	2223	3159	3730	4578	736	5126	731
26/03/2014	07:09:29	87	Mesur_Alc	4954	2248	3158	3730	4578	750	5137	727
26/03/2014	07:09:37	87	Mesur_Alc	4952	2257	3165	3730	4578	765	5150	722
26/03/2014	07:38:38	88	Blanc_Alc	4975	5139	4294	3730	4578	710	5104	740
26/03/2014	07:38:46	88	Blanc_Alc	4971	5121	4304	3730	4578	723	5115	736
26/03/2014	07:38:53	88	Blanc_Alc	4974	5143	4304	3730	4578	735	5125	732
26/03/2014	07:39:01	88	Mesur_Alc	4951	2225	3159	3730	4578	738	5128	731
26/03/2014	07:39:29	88	Mesur_Alc	4955	2250	3158	3730	4578	751	5138	727
26/03/2014	07:39:37	88	Mesur_Alc	4952	2259	3161	3730	4578	764	5149	722
26/03/2014	08:08:38	89	Blanc_Alc	4976	5139	4293	3730	4579	510	4940	807
26/03/2014	08:08:46	89	Blanc_Alc	4971	5120	4304	3730	4578	522	4950	803
26/03/2014	08:08:53	89	Blanc_Alc	4974	5143	4303	3730	4578	533	4959	800
26/03/2014	08:09:01	89	Mesur_Alc	4950	2247	3159	3730	4579	535	4960	799
26/03/2014	08:09:29	89	Mesur_Alc	4956	2241	3157	3730	4578	549	4972	794
26/03/2014	08:09:37	89	Mesur_Alc	4952	2250	3160	3730	4578	562	4982	790
26/03/2014	08:38:38	90	Blanc_Alc	4976	5139	4293	3730	4578	334	4797	868
26/03/2014	08:38:46	90	Blanc_Alc	4971	5120	4304	3730	4578	349	4809	863
26/03/2014	08:38:53	90	Blanc_Alc	4974	5143	4303	3730	4578	361	4819	859
26/03/2014	08:39:01	90	Mesur_Alc	4950	2247	3159	3730	4578	370	4826	856
26/03/2014	08:39:29	90	Mesur_Alc	4956	2241	3157	3730	4578	382	4836	851
26/03/2014	08:39:37	90	Mesur_Alc	4952	2250	3160	3730	4578	393	4845	848
26/03/2014	09:08:38	91	Blanc_Alc	4976	5139	4293	3730	4578	8040	4410	1043
26/03/2014	09:08:46	91	Blanc_Alc	4971	5120	4304	3730	4578	8059	4425	1036
26/03/2014	09:08:53	91	Blanc_Alc	4974	5143	4303	3730	4578	8074	4437	1030
26/03/2014	09:09:01	91	Mesur_Alc	4950	2247	3159	3730	4579	8090	4449	1025
26/03/2014	09:09:29	91	Mesur_Alc	4956	2241	3157	3730	4579	8102	4458	1020
26/03/2014	09:09:37	91	Mesur_Alc	4952	2250	3160	3730	4578	8114	4468	1016
26/03/2014	09:38:38	92	Blanc_Alc	4976	5139	4293	3730	4578	7826	4244	1123
26/03/2014	09:38:46	92	Blanc_Alc	4971	5120	4304	3730	4579	7839	4253	1119
26/03/2014	09:38:53	92	Blanc_Alc	4974	5143	4303	3730	4578	7849	4261	1115
26/03/2014	09:39:01	92	Mesur_Alc	4950	2247	3159	3730	4578	7865	4274	1109
26/03/2014	09:39:29	92	Mesur_Alc	4956	2241	3157	3730	4578	7873	4280	1106
26/03/2014	09:39:37	92	Mesur_Alc	4952	2250	3160	3730	4578	7880	4285	1103
26/03/2014	10:08:38	93	Blanc_Alc	4976	5139	4293	3730	4578	7616	4082	1205
26/03/2014	10:08:46	93	Blanc_Alc	4971	5120	4304	3730	4578	7624	4088	1202
26/03/2014	10:08:53	93	Blanc_Alc	4974	5143	4303	3730	4578	7630	4093	1200
26/03/2014	10:09:01	93	Mesur_Alc	4950	2247	3159	3730	4578	7645	4104	1194
26/03/2014	10:09:29	93	Mesur_Alc	4956	2241	3157	3730	4578	7649	4107	1193
26/03/2014	10:09:37	93	Mesur_Alc	4952	2250	3160	3729	4578	7654	4111	1191
26/03/2014	10:38:38	94	Blanc_Alc	4976	5139	4293	3729	4578	7445	3952	1274
26/03/2014	10:38:46	94	Blanc_Alc	4971	5120	4304	3729	4578	7448	3955	1272
26/03/2014	10:38:54	94	Blanc_Alc	4974	5143	4303	3729	4578	7451	3957	1271
26/03/2014	10:39:01	94	Mesur_Alc	4950	2247	3159	3729	4578	7465	3968	1265
26/03/2014	10:39:29	94	Mesur_Alc	4956	2241	3157	3729	4578	7467	3969	1265
26/03/2014	10:39:37	94	Mesur_Alc	4952	2250	3160	3729	4578	7469	3971	1264
26/03/2014	11:08:38	95	Blanc_Alc	4976	5139	4293	3729	4578	7329	3865	1321
26/03/2014	11:08:46	95	Blanc_Alc	4971	5120	4304	3729	4579	7328	3864	1322
26/03/2014	11:08:53	95	Blanc_Alc	4974	5143	4303	3729	4578	7329	3865	1321
26/03/2014	11:09:01	95	Mesur_Alc	4950	2247	3159	3729	4578	7337	3871	1318
26/03/2014	11:09:29	95	Mesur_Alc	4956	2241	3157	3729	4578	7337	3871	1318
26/03/2014	11:09:37	95	Mesur_Alc	4952	2250	3160	3729	4578	7336	3870	1318
26/03/2014	11:38:38	96	Blanc_Alc	4976	5139	4293	3729	4579	7274	3823	1344
26/03/2014	11:38:46	96	Blanc_Alc	4971	5120	4304	3729	4578	7272	3822	1345
26/03/2014	11:38:53	96	Blanc_Alc	4974	5143	4303	3729	4579	7270	3820	1346
26/03/2014	11:39:01	96	Mesur_Alc	4950	2247	3159	3729	4578	7272	3822	1345
26/03/2014	11:39:29	96	Mesur_Alc	4956	2241	3157	3729	4578	7271	3822	1345
26/03/2014	11:39:37	96	Mesur_Alc	4952	2250	3160	3729	4579	7269	3820	1346
26/03/2014	12:08:37	97	Blanc_Alc	4976	5139	4293	3729	4579	7232	3792	1362
26/03/2014	12:08:45	97	Blanc_Alc	4971	5120	4304	3729	4579	7228	3789	1364
26/03/2014	12:08:53	97	Blanc_Alc	4974	5143	4303	3729	4578	7224	3786	1365
26/03/2014	12:09:01	97	Mesur_Alc	4950	2247	3159	3729	4578	7223	3786	1365
26/03/2014	12:09:28	97	Mesur_Alc	4956	2241	3157	3729	4578	7220	3784	1366
26/03/2014	12:09:36	97	Mesur_Alc	4952	2250	3160	3729	4578	7217	3781	1368
26/03/2014	12:38:37	98	Blanc_Alc	4978	5137	4290	3729	4578	7158	3737	1393
26/03/2014	12:38:45	98	Blanc_Alc	4973	5120	4304	3729	4578	7153	3734	1395
26/03/2014	12:38:53	98	Blanc_Alc	4970	5142	4301	3729	4578	7150	3731	1396
26/03/2014	12:39:01	98	Mesur_Alc	4951	2235	3154	3729	4578	7147	3729	1398
26/03/2014	12:39:28	98	Mesur_Alc	4952	2249	3153	3729	4578	7144	3727	1399
26/03/2014	12:39:36	98	Mesur_Alc	4954	2272	3151	3729	4578	7140	3724	1400
26/03/2014	13:08:37	99	Blanc_Alc	4978	5138	4289	3729	4578	7176	3751	1385
26/03/2014	13:08:45	99	Blanc_Alc	4974	5120	4303	3729	4578	7170	3746	1388
26/03/2014	13:08:53	99	Blanc_Alc	4969	5143	4301	3729	4578	7165	3743	1390
26/03/2014	13:09:01	99	Mesur_Alc	4952	2257	3155	3729	4579	7160	3738	1392
26/03/2014	13:09:28	99	Mesur_Alc	4953	2261	3151	3729	4578	7156	3736	1394
26/03/2014	13:09:36	99	Mesur_Alc	4954	2243	3149	3729	4578	7152	3733	1395
26/03/2014	13:38:37	100	Blanc_Alc	4978	5137	4288	3729	4578	7513	4004	1246
26/03/2014	13:38:45	100	Blanc_Alc	4975	5121	4302	3729	4578	7504	3997	1250
26/03/2014	13:38:53	100	Blanc_Alc	4969	5144	4302	3729	4578	7497	3992	1253
26/03/2014	13:39:01	100	Mesur_Alc	4952	2249	3156	3729	4578	7484	3982	1258
26/03/2014	13:39:28	100	Mesur_Alc	4952	2261	3145	3729	4578	7479	3978	1260
26/03/2014	13:39:36	100	Mesur_Alc	4953	2253	3149	3729	4578	7474	3974	1262
26/03/2014	14:08:37	101	Blanc_Alc	4979	5143	4293	3729	4578	7621	4086	1203
26/03/2014	14:08:45	101	Blanc_Alc	4970	5122	4302	3729	4578	7615	4082	1205
26/03/2014	14:08:53	101	Blanc_Alc	4972	5140	4302	3729	4578	7610	4078	1208
26/03/2014	14:09:01	101	Mesur_Alc	4949	2255	3151	3729	4578	7599	4069	1212
26/03/2014	14:09:28	101	Mesur_Alc	4960	2260	3153	3729	4578	7595	4066	1214
26/03/2014	14:09:36	101	Mesur_Alc	4948	2252	3149	3729	4578	7592	4064	1215
26/03/2014	14:38:37	102	Blanc_Alc	4978	5138	4289	3729	4579	7401	3919	1292
26/03/2014	14:38:45	102	Blanc_Alc	4976	5120	4301	3729	4578	7397	3916	1293
26/03/2014	14:38:53	102	Blanc_Alc	4971	5143	4300	3729	4578	7394	3914	1294
26/03/2014	14:39:01	102	Mesur_Alc	4951	2262	3150	3729	4578	7390	3911	1296
26/03/2014	14:39:28	102	Mesur_Alc	4953	2253	3146	3729	4578	7387	3909	1297
26/03/2014	14:39:36	102	Mesur_Alc	4952	2253	3147	3729	4578	7384	3906	1299
26/03/2014	15:08:37	103	Blanc_Alc	4979	5139	4289	3729	4578	7415	3930	1286
26/03/2014	15:08:45	103	Blanc_Alc	4976	5119	4300	3729	4578	7410	3926	1288
26/03/2014	15:08:53	103	Blanc_Alc	4971	5143	4301	3729	4578	7406	3923	1290
26/03/2014	15:09:01	103	Mesur_Alc	4950	2254	3150	3729	4578	7400	3918	1292
26/03/2014	15:09:28	103	Mesur_Alc	4953	2255	3143	3729	4578	7397	3916	1293
26/03/2014	15:09:36	103	Mesur_Alc	4952	2263	3147	3729	4578	7394	3914	1294
26/03/2014	15:38:37	104	Blanc_Alc	4978	5138	4289	3729	4578	7590	4063	1215
26/03/2014	15:38:45	104	Blanc_Alc	4977	5118	4300	3729	4578	7585	4059	1217
26/03/2014	15:38:53	104	Blanc_Alc	4970	5143	4301	3729	4578	7581	4056	1219
26/03/2014	15:39:01	104	Mesur_Alc	4950	2254	3154	3729	4578	7571	4048	1223
26/03/2014	15:39:28	104	Mesur_Alc	4954	2255	3140	3729	4578	7568	4046	1224
26/03/2014	15:39:36	104	Mesur_Alc	4953	2265	3146	3729	4578	7565	4044	1225
26/03/2014	16:08:37	105	Blanc_Alc	4978	5137	4285	3729	4578	7736	4174	1158
26/03/2014	16:08:45	105	Blanc_Alc	4979	5123	4303	3729	4578	7732	4171	1160
26/03/2014	16:08:53	105	Blanc_Alc	4969	5146	4298	3729	4578	7728	4168	1162
26/03/2014	16:09:01	105	Mesur_Alc	4954	2255	3147	3729	4578	7720	4162	1165
26/03/2014	16:09:28	105	Mesur_Alc	4950	2269	3137	3729	4578	7718	4161	1165
26/03/2014	16:09:36	105	Mesur_Alc	4952	2255	3149	3729	4578	7715	4158	1167
26/03/2014	16:38:37	106	Blanc_Alc	4977	5138	4288	3729	4578	7812	4233	1129
26/03/2014	16:38:45	106	Blanc_Alc	4977	5120	4298	3729	4578	7809	4231	1130
26/03/2014	16:38:53	106	Blanc_Alc	4968	5144	4300	3729	4578	7807	4229	1131
26/03/2014	16:39:01	106	Mesur_Alc	4954	2265	3144	3729	4578	7802	4225	1133
26/03/2014	16:39:28	106	Mesur_Alc	4952	2257	3144	3729	4578	7800	4224	1133
26/03/2014	16:39:36	106	Mesur_Alc	4951	2259	3149	3729	4578	7799	4223	1134
26/03/2014	17:08:37	107	Blanc_Alc	4978	5138	4287	3729	4578	7797	4221	1135
26/03/2014	17:08:45	107	Blanc_Alc	4977	5121	4298	3729	4578	7796	4221	1135
26/03/2014	17:08:53	107	Blanc_Alc	4968	5143	4299	3729	4578	7796	4221	1135
26/03/2014	17:09:01	107	Mesur_Alc	4954	2256	3149	3729	4578	7794	4219	1136
26/03/2014	17:09:28	107	Mesur_Alc	4952	2265	3138	3729	4578	7794	4219	1136
26/03/2014	17:09:36	107	Mesur_Alc	4950	2257	3146	3729	4578	7794	4219	1136
26/03/2014	17:38:37	108	Blanc_Alc	4978	5137	4287	3729	4578	7793	4218	1136
26/03/2014	17:38:45	108	Blanc_Alc	4978	5120	4299	3729	4578	7793	4218	1136
26/03/2014	17:38:53	108	Blanc_Alc	4969	5143	4298	3729	4578	7794	4219	1136
26/03/2014	17:39:01	108	Mesur_Alc	4953	2263	3144	3729	4578	7794	4219	1136
26/03/2014	17:39:29	108	Mesur_Alc	4953	2259	3142	3729	4578	7795	4220	1135
26/03/2014	17:39:36	108	Mesur_Alc	4951	2258	3144	3729	4578	7796	4221	1135
26/03/2014	18:08:37	109	Blanc_Alc	4979	5137	4286	3729	4578	7843	4257	1117
26/03/2014	18:08:45	109	Blanc_Alc	4978	5121	4300	3729	4578	7845	4259	1116
26/03/2014	18:08:53	109	Blanc_Alc	4969	5144	4297	3729	4578	7846	4259	1116
26/03/2014	18:09:01	109	Mesur_Alc	4953	2270	3142	3729	4578	7847	4260	1116
26/03/2014	18:09:28	109	Mesur_Alc	4954	2260	3139	3729	4578	7848	4261	1115
26/03/2014	18:09:36	109	Mesur_Alc	4950	2260	3146	3729	4578	7849	4262	1115
26/03/2014	18:38:38	110	Blanc_Alc	4978	5138	4286	3729	4578	7914	4312	1090
26/03/2014	18:38:45	110	Blanc_Alc	4979	5121	4300	3729	4578	7917	4314	1089
26/03/2014	18:38:53	110	Blanc_Alc	4968	5143	4298	3729	4578	7919	4316	1088
26/03/2014	18:39:01	110	Mesur_Alc	4952	2265	3148	3729	4578	7921	4318	1087
26/03/2014	18:39:29	110	Mesur_Alc	4954	2261	3142	3729	4578	7923	4319	1087
26/03/2014	18:39:36	110	Mesur_Alc	4951	2271	3135	3729	4578	7925	4321	1086
26/03/2014	19:08:38	111	Blanc_Alc	4978	5137	4287	3729	4578	8003	4382	1056
26/03/2014	19:08:45	111	Blanc_Alc	4978	5122	4299	3729	4578	8008	4385	1055
26/03/2014	19:08:53	111	Blanc_Alc	4967	5142	4299	3729	4578	8011	4388	1054
26/03/2014	19:09:01	111	Mesur_Alc	4953	2272	3148	3729	4578	8014	4390	1053
26/03/2014	19:09:29	111	Mesur_Alc	4953	2272	3141	3729	4578	8017	4393	1051
26/03/2014	19:09:37	111	Mesur_Alc	4950	2253	3135	3729	4578	8020	4395	1050
26/03/2014	19:38:37	112	Blanc_Alc	4978	5137	4287	3729	4578	8122	4475	1012
26/03/2014	19:38:45	112	Blanc_Alc	4977	5122	4299	3729	4578	8128	4480	1010
26/03/2014	19:38:53	112	Blanc_Alc	4966	5141	4300	3729	4578	8133	4484	1008
26/03/2014	19:39:01	112	Mesur_Alc	4954	2272	3147	3729	4578	8137	4487	1007
26/03/2014	19:39:29	112	Mesur_Alc	4952	2272	3141	3729	4578	8141	4490	1006
26/03/2014	19:39:36	112	Mesur_Alc	4949	2254	3137	3729	4578	8145	4493	1004
26/03/2014	20:08:38	113	Blanc_Alc	4979	5168	4287	3729	4578	16	4543	981
26/03/2014	20:08:45	113	Blanc_Alc	4976	5121	4299	3729	4578	25	4550	978
26/03/2014	20:08:53	113	Blanc_Alc	4967	5140	4300	3729	4578	32	4556	975
26/03/2014	20:09:01	113	Mesur_Alc	4953	2272	3146	3729	4578	39	4561	973
26/03/2014	20:09:29	113	Mesur_Alc	4952	2272	3141	3729	4578	44	4565	971
26/03/2014	20:09:37	113	Mesur_Alc	4950	2264	3134	3729	4578	50	4570	969
26/03/2014	20:38:37	114	Blanc_Alc	4980	5138	4287	3730	4578	102	4611	950
26/03/2014	20:38:45	114	Blanc_Alc	4977	5121	4300	3730	4578	113	4620	946
26/03/2014	20:38:53	114	Blanc_Alc	4968	5140	4299	3730	4578	122	4627	943
26/03/2014	20:39:01	114	Mesur_Alc	4952	2273	3145	3730	4579	130	4633	940
26/03/2014	20:39:29	114	Mesur_Alc	4951	2263	3140	3729	4578	137	4639	938
26/03/2014	20:39:36	114	Mesur_Alc	4950	2254	3134	3729	4578	145	4646	934
26/03/2014	21:08:38	115	Blanc_Alc	4980	5137	4287	3730	4578	156	4654	931
26/03/2014	21:08:45	115	Blanc_Alc	4977	5120	4300	3730	4578	170	4665	926
26/03/2014	21:08:53	115	Blanc_Alc	4967	5140	4298	3730	4578	181	4674	922
26/03/2014	21:09:01	115	Mesur_Alc	4952	2274	3144	3730	4578	191	4682	918
26/03/2014	21:09:29	115	Mesur_Alc	4950	2263	3140	3730	4578	200	4689	915
26/03/2014	21:09:37	115	Mesur_Alc	4949	2254	3133	3730	4578	209	4696	912
26/03/2014	21:38:38	116	Blanc_Alc	4981	5138	4286	3730	4578	201	4690	915
26/03/2014	21:38:45	116	Blanc_Alc	4976	5121	4301	3730	4578	217	4703	909
26/03/2014	21:38:53	116	Blanc_Alc	4968	5140	4297	3730	4578	229	4712	905
26/03/2014	21:39:01	116	Mesur_Alc	4952	2275	3144	3730	4578	241	4722	901
26/03/2014	21:39:29	116	Mesur_Alc	4949	2253	3140	3730	4578	251	4730	897
26/03/2014	21:39:37	116	Mesur_Alc	4950	2265	3133	3730	4578	261	4738	894
26/03/2014	22:08:37	117	Blanc_Alc	4981	5138	4286	3730	4578	219	4704	909
26/03/2014	22:08:45	117	Blanc_Alc	4975	5122	4301	3730	4578	235	4717	903
26/03/2014	22:08:53	117	Blanc_Alc	4967	5140	4297	3730	4578	249	4728	898
26/03/2014	22:09:01	117	Mesur_Alc	4951	2266	3143	3730	4578	261	4738	894
26/03/2014	22:09:29	117	Mesur_Alc	4950	2253	3140	3730	4578	272	4747	890
26/03/2014	22:09:37	117	Mesur_Alc	4950	2276	3133	3730	4579	282	4755	886
26/03/2014	22:38:38	118	Blanc_Alc	4982	5139	4287	3730	4578	268	4744	891
26/03/2014	22:38:45	118	Blanc_Alc	4976	5121	4301	3730	4578	287	4759	885
26/03/2014	22:38:53	118	Blanc_Alc	4967	5141	4298	3730	4578	302	4771	879
26/03/2014	22:39:01	118	Mesur_Alc	4952	2256	3143	3730	4578	315	4782	875
26/03/2014	22:39:29	118	Mesur_Alc	4949	2259	3140	3730	4578	327	4791	871
26/03/2014	22:39:37	118	Mesur_Alc	4949	2277	3133	3730	4578	338	4800	867
26/03/2014	23:08:37	119	Blanc_Alc	4982	5139	4287	3730	4578	341	4803	866
26/03/2014	23:08:45	119	Blanc_Alc	4976	5120	4301	3730	4578	360	4818	859
26/03/2014	23:08:53	119	Blanc_Alc	4968	5142	4299	3730	4578	376	4831	853
26/03/2014	23:09:01	119	Mesur_Alc	4953	2256	3143	3730	4578	389	4841	849
26/03/2014	23:09:29	119	Mesur_Alc	4948	2274	3140	3730	4578	401	4851	845
26/03/2014	23:09:37	119	Mesur_Alc	4949	2268	3132	3730	4578	414	4862	840
26/03/2014	23:38:38	120	Blanc_Alc	4981	5138	4286	3730	4578	400	4850	845
26/03/2014	23:38:45	120	Blanc_Alc	4975	5121	4302	3730	4578	421	4867	838
26/03/2014	23:38:53	120	Blanc_Alc	4968	5141	4300	3730	4578	438	4881	832
26/03/2014	23:39:01	120	Mesur_Alc	4953	2256	3143	3730	4578	452	4893	827
26/03/2014	23:39:29	120	Mesur_Alc	4947	2274	3139	3730	4578	465	4903	823
26/03/2014	23:39:37	120	Mesur_Alc	4950	2268	3134	3730	4578	478	4914	818
27/03/2014	00:08:37	121	Blanc_Alc	4982	5137	4286	3730	4578	416	4863	840
27/03/2014	00:08:45	121	Blanc_Alc	4975	5122	4302	3730	4578	438	4881	832
27/03/2014	00:08:53	121	Blanc_Alc	4969	5142	4300	3730	4578	455	4895	826
27/03/2014	00:09:01	121	Mesur_Alc	4954	2255	3142	3730	4578	470	4907	821
27/03/2014	00:09:28	121	Mesur_Alc	4948	2275	3139	3730	4578	484	4919	816
27/03/2014	00:09:36	121	Mesur_Alc	4949	2269	3135	3730	4578	498	4930	812
27/03/2014	00:38:37	122	Blanc_Alc	4983	5138	4287	3730	4578	410	4858	842
27/03/2014	00:38:45	122	Blanc_Alc	4974	5122	4303	3730	4578	433	4877	834
27/03/2014	00:38:53	122	Blanc_Alc	4969	5142	4301	3730	4578	451	4892	828
27/03/2014	00:39:01	122	Mesur_Alc	4953	2256	3143	3730	4578	468	4906	822
27/03/2014	00:39:28	122	Mesur_Alc	4948	2274	3140	3730	4578	482	4917	817
27/03/2014	00:39:36	122	Mesur_Alc	4949	2270	3134	3730	4578	497	4929	812
27/03/2014	01:08:37	123	Blanc_Alc	4982	5138	4288	3730	4578	424	4870	837
27/03/2014	01:08:45	123	Blanc_Alc	4973	5122	4304	3730	4578	448	4889	829
27/03/2014	01:08:53	123	Blanc_Alc	4970	5141	4302	3730	4578	467	4905	822
27/03/2014	01:09:01	123	Mesur_Alc	4953	2256	3142	3730	4578	483	4918	817
27/03/2014	01:09:28	123	Mesur_Alc	4948	2275	3141	3730	4578	499	4931	811
27/03/2014	01:09:36	123	Mesur_Alc	4949	2270	3133	3730	4578	514	4943	806
27/03/2014	01:38:37	124	Blanc_Alc	4981	5139	4287	3730	4578	445	4887	830
27/03/2014	01:38:45	124	Blanc_Alc	4972	5122	4303	3730	4578	470	4907	821
27/03/2014	01:38:53	124	Blanc_Alc	4971	5141	4302	3730	4579	490	4923	815
27/03/2014	01:39:01	124	Mesur_Alc	4952	2257	3141	3730	4578	506	4937	809
27/03/2014	01:39:28	124	Mesur_Alc	4949	2275	3141	3730	4578	522	4950	803
27/03/2014	01:39:36	124	Mesur_Alc	4950	2271	3133	3730	4578	538	4963	798
27/03/2014	02:08:37	125	Blanc_Alc	4982	5138	4287	3730	4578	457	4897	825
27/03/2014	02:08:45	125	Blanc_Alc	4972	5121	4302	3730	4578	482	4917	817
27/03/2014	02:08:53	125	Blanc_Alc	4970	5140	4302	3730	4578	503	4934	810
27/03/2014	02:09:01	125	Mesur_Alc	4952	2256	3142	3730	4578	519	4947	805
27/03/2014	02:09:28	125	Mesur_Alc	4948	2276	3141	3730	4578	535	4960	799
27/03/2014	02:09:36	125	Mesur_Alc	4950	2271	3134	3730	4578	552	4974	793
27/03/2014	02:38:37	126	Blanc_Alc	4981	5139	4288	3730	4578	480	4915	818
27/03/2014	02:38:45	126	Blanc_Alc	4973	5122	4303	3730	4578	506	4937	809
27/03/2014	02:38:53	126	Blanc_Alc	4969	5139	4303	3730	4578	527	4954	802
27/03/2014	02:39:01	126	Mesur_Alc	4951	2257	3143	3730	4578	543	4967	796
27/03/2014	02:39:28	126	Mesur_Alc	4947	2276	3140	3730	4578	559	4980	791
27/03/2014	02:39:36	126	Mesur_Alc	4950	2270	3133	3730	4578	576	4994	785
27/03/2014	03:08:37	127	Blanc_Alc	4982	5138	4288	3730	4578	521	4949	804
27/03/2014	03:08:45	127	Blanc_Alc	4974	5122	4304	3730	4578	548	4971	795
27/03/2014	03:08:53	127	Blanc_Alc	4969	5140	4302	3730	4578	570	4989	787
27/03/2014	03:09:01	127	Mesur_Alc	4952	2256	3142	3730	4578	586	5002	782
27/03/2014	03:09:28	127	Mesur_Alc	4948	2275	3141	3730	4578	604	5017	776
27/03/2014	03:09:36	127	Mesur_Alc	4951	2269	3134	3730	4578	621	5031	770
27/03/2014	03:38:37	128	Blanc_Alc	4981	5137	4287	3730	4578	567	4987	788
27/03/2014	03:38:45	128	Blanc_Alc	4975	5123	4303	3730	4578	595	5010	778
27/03/2014	03:38:53	128	Blanc_Alc	4968	5141	4302	3730	4578	617	5028	771
27/03/2014	03:39:01	128	Mesur_Alc	4952	2255	3141	3730	4578	634	5042	765
27/03/2014	03:39:28	128	Mesur_Alc	4949	2275	3141	3730	4578	652	5056	760
27/03/2014	03:39:36	128	Mesur_Alc	4951	2268	3133	3730	4578	670	5071	754
27/03/2014	04:08:37	129	Blanc_Alc	4981	5138	4286	3730	4578	617	5028	771
27/03/2014	04:08:45	129	Blanc_Alc	4974	5124	4303	3730	4578	646	5051	762
27/03/2014	04:08:53	129	Blanc_Alc	4969	5142	4302	3730	4578	669	5070	754
27/03/2014	04:09:01	129	Mesur_Alc	4951	2255	3142	3730	4578	687	5085	748
27/03/2014	04:09:28	129	Mesur_Alc	4948	2275	3141	3730	4578	705	5100	742
27/03/2014	04:09:36	129	Mesur_Alc	4952	2268	3132	3730	4578	724	5116	735
27/03/2014	04:38:37	130	Blanc_Alc	4980	5139	4285	3730	4578	647	5052	761
27/03/2014	04:38:45	130	Blanc_Alc	4973	5123	4303	3730	4578	678	5078	751
27/03/2014	04:38:53	130	Blanc_Alc	4969	5142	4302	3730	4578	701	5097	743
27/03/2014	04:39:01	130	Mesur_Alc	4951	2255	3143	3730	4578	719	5112	737
27/03/2014	04:39:28	130	Mesur_Alc	4948	2276	3141	3730	4578	739	5128	731
27/03/2014	04:39:36	130	Mesur_Alc	4953	2267	3131	3730	4578	758	5144	724
27/03/2014	05:08:37	131	Blanc_Alc	4981	5138	4286	3730	4578	672	5073	753
27/03/2014	05:08:45	131	Blanc_Alc	4975	5121	4302	3730	4578	703	5099	742
27/03/2014	05:08:53	131	Blanc_Alc	4968	5141	4300	3730	4578	728	5119	734
27/03/2014	05:09:01	131	Mesur_Alc	4953	2256	3143	3730	4578	746	5134	728
27/03/2014	05:09:28	131	Mesur_Alc	4947	2274	3139	3730	4578	766	5151	721
27/03/2014	05:09:36	131	Mesur_Alc	4950	2268	3134	3730	4578	786	5167	715
27/03/2014	05:38:37	132	Blanc_Alc	4981	5139	4287	3730	4578	697	5094	744
27/03/2014	05:38:45	132	Blanc_Alc	4975	5121	4301	3730	4579	730	5121	733
27/03/2014	05:38:53	132	Blanc_Alc	4967	5140	4300	3730	4578	756	5142	725
27/03/2014	05:39:01	132	Mesur_Alc	4953	2257	3144	3730	4578	773	5157	719
27/03/2014	05:39:28	132	Mesur_Alc	4947	2273	3138	3730	4578	794	5174	712
27/03/2014	05:39:36	132	Mesur_Alc	4949	2269	3134	3730	4578	816	5192	705
27/03/2014	06:08:37	133	Blanc_Alc	4981	5138	4287	3730	4578	725	5117	735
27/03/2014	06:08:45	133	Blanc_Alc	4974	5121	4301	3730	4578	759	5145	724
27/03/2014	06:08:53	133	Blanc_Alc	4969	5142	4301	3730	4578	786	5167	715
27/03/2014	06:09:01	133	Mesur_Alc	4954	2256	3142	3730	4578	854	5224	693
27/03/2014	06:09:28	133	Mesur_Alc	4946	2273	3139	3730	4578	865	5233	689
27/03/2014	06:09:36	133	Mesur_Alc	4951	2268	3134	3730	4578	877	5243	685
27/03/2014	06:38:37	134	Blanc_Alc	4981	5138	4286	3730	4578	755	5142	725
27/03/2014	06:38:45	134	Blanc_Alc	4975	5120	4303	3730	4578	791	5172	713
27/03/2014	06:38:53	134	Blanc_Alc	4969	5141	4299	3730	4578	818	5194	704
27/03/2014	06:39:01	134	Mesur_Alc	4954	2257	3143	3730	4578	887	5252	682
27/03/2014	06:39:28	134	Mesur_Alc	4946	2274	3140	3730	4578	899	5262	678
27/03/2014	06:39:36	134	Mesur_Alc	4951	2268	3134	3730	4579	911	5271	674
27/03/2014	07:08:37	135	Blanc_Alc	4981	5137	4286	3730	4578	755	5142	725
27/03/2014	07:08:45	135	Blanc_Alc	4976	5120	4301	3730	4578	790	5171	713
27/03/2014	07:08:53	135	Blanc_Alc	4968	5140	4299	3730	4578	818	5194	704
27/03/2014	07:09:01	135	Mesur_Alc	4953	2255	3142	3730	4578	888	5252	682
27/03/2014	07:09:28	135	Mesur_Alc	4948	2274	3138	3730	4578	899	5262	678
27/03/2014	07:09:36	135	Mesur_Alc	4951	2268	3135	3730	4578	911	5272	674
27/03/2014	07:38:37	136	Blanc_Alc	4981	5138	4285	3730	4578	686	5084	748
27/03/2014	07:38:45	136	Blanc_Alc	4975	5122	4302	3730	4578	721	5113	737
27/03/2014	07:38:53	136	Blanc_Alc	4967	5149	4300	3730	4578	748	5136	727
27/03/2014	07:39:01	136	Mesur_Alc	4953	2257	3143	3730	4578	817	5193	705
27/03/2014	07:39:28	136	Mesur_Alc	4948	2275	3140	3730	4578	828	5202	701
27/03/2014	07:39:36	136	Mesur_Alc	4950	2268	3133	3730	4578	840	5212	697
27/03/2014	08:08:37	137	Blanc_Alc	4981	5136	4287	3730	4578	534	4960	799
27/03/2014	08:08:45	137	Blanc_Alc	4974	5120	4302	3730	4578	567	4987	788
27/03/2014	08:08:53	137	Blanc_Alc	4968	5141	4301	3730	4578	594	5009	779
27/03/2014	08:09:01	137	Mesur_Alc	4952	2257	3145	3730	4578	659	5062	757
27/03/2014	08:09:28	137	Mesur_Alc	4948	2273	3140	3730	4578	669	5070	754
27/03/2014	08:09:36	137	Mesur_Alc	4949	2267	3136	3730	4578	680	5080	750
27/03/2014	08:38:37	138	Blanc_Alc	4981	5136	4287	3730	4578	395	4846	847
27/03/2014	08:38:45	138	Blanc_Alc	4973	5119	4303	3730	4578	421	4867	838
27/03/2014	08:38:53	138	Blanc_Alc	4969	5140	4301	3730	4578	442	4884	831
27/03/2014	08:39:01	138	Mesur_Alc	4953	2256	3145	3730	4578	495	4928	812
27/03/2014	08:39:28	138	Mesur_Alc	4947	2272	3141	3730	4578	503	4934	810
27/03/2014	08:39:36	138	Mesur_Alc	4948	2268	3137	3730	4578	511	4941	807
27/03/2014	09:08:37	139	Blanc_Alc	4980	5137	4288	3730	4578	106	4614	949
27/03/2014	09:08:45	139	Blanc_Alc	4974	5121	4303	3730	4578	132	4635	939
27/03/2014	09:08:53	139	Blanc_Alc	4968	5140	4302	3730	4578	153	4652	932
27/03/2014	09:09:01	139	Mesur_Alc	4952	2256	3144	3730	4578	173	4668	925
27/03/2014	09:09:28	139	Mesur_Alc	4949	2274	3139	3730	4578	190	4681	919
27/03/2014	09:09:36	139	Mesur_Alc	4949	2268	3137	3730	4578	206	4694	913
27/03/2014	09:38:37	140	Blanc_Alc	4981	5135	4288	3730	4578	8091	4450	1024
27/03/2014	09:38:45	140	Blanc_Alc	4974	5121	4303	3730	4578	8111	4466	1017
27/03/2014	09:38:53	140	Blanc_Alc	4967	5140	4301	3730	4579	8127	4478	1011
27/03/2014	09:39:01	140	Mesur_Alc	4952	2257	3146	3730	4578	8165	4509	997
27/03/2014	09:39:28	140	Mesur_Alc	4947	2274	3141	3730	4578	8171	4513	995
27/03/2014	09:39:36	140	Mesur_Alc	4949	2267	3137	3730	4578	8177	4518	993
27/03/2014	10:08:37	141	Blanc_Alc	4981	5135	4288	3730	4578	7812	4233	1129
27/03/2014	10:08:45	141	Blanc_Alc	4975	5120	4302	3730	4578	7827	4244	1123
27/03/2014	10:08:53	141	Blanc_Alc	4969	5141	4302	3730	4578	7839	4254	1119
27/03/2014	10:09:01	141	Mesur_Alc	4952	2256	3144	3730	4578	7868	4276	1108
27/03/2014	10:09:28	141	Mesur_Alc	4948	2272	3140	3730	4578	7873	4280	1106
27/03/2014	10:09:36	141	Mesur_Alc	4948	2268	3137	3730	4578	7878	4284	1104
27/03/2014	10:38:37	142	Blanc_Alc	4981	5136	4287	3730	4579	7651	4108	1192
27/03/2014	10:38:45	142	Blanc_Alc	4973	5120	4301	3730	4578	7661	4117	1187
27/03/2014	10:38:53	142	Blanc_Alc	4968	5140	4300	3730	4578	7669	4123	1184
27/03/2014	10:39:01	142	Mesur_Alc	4951	2258	3146	3730	4579	7685	4134	1179
27/03/2014	10:39:28	142	Mesur_Alc	4949	2274	3139	3730	4578	7691	4140	1176
27/03/2014	10:39:36	142	Mesur_Alc	4950	2267	3136	3730	4578	7697	4144	1174
27/03/2014	11:08:37	143	Blanc_Alc	4980	5136	4288	3730	4578	7585	4058	1218
27/03/2014	11:08:45	143	Blanc_Alc	4975	5121	4301	3730	4578	7592	4064	1215
27/03/2014	11:08:53	143	Blanc_Alc	4968	5141	4301	3730	4579	7597	4067	1213
27/03/2014	11:09:01	143	Mesur_Alc	4953	2258	3145	3730	4578	7611	4078	1208
27/03/2014	11:09:28	143	Mesur_Alc	4948	2273	3140	3730	4578	7615	4082	1205
27/03/2014	11:09:36	143	Mesur_Alc	4949	2267	3137	3730	4578	7618	4084	1204
27/03/2014	11:38:37	144	Blanc_Alc	4982	5137	4287	3730	4578	7426	3938	1281
27/03/2014	11:38:45	144	Blanc_Alc	4973	5121	4301	3730	4578	7430	3941	1280
27/03/2014	11:38:53	144	Blanc_Alc	4968	5141	4301	3730	4578	7433	3943	1279
27/03/2014	11:39:01	144	Mesur_Alc	4952	2256	3145	3730	4578	7446	3953	1273
27/03/2014	11:39:28	144	Mesur_Alc	4948	2272	3141	3730	4578	7448	3955	1272
27/03/2014	11:39:36	144	Mesur_Alc	4948	2267	3135	3730	4578	7450	3956	1272
27/03/2014	12:08:37	145	Blanc_Alc	4980	5136	4287	3730	4578	7238	3797	1359
27/03/2014	12:08:45	145	Blanc_Alc	4974	5120	4303	3730	4578	7238	3797	1359
27/03/2014	12:08:53	145	Blanc_Alc	4969	5141	4302	3730	4579	7237	3796	1360
27/03/2014	12:09:01	145	Mesur_Alc	4952	2258	3146	3730	4578	7245	3802	1356
27/03/2014	12:09:28	145	Mesur_Alc	4948	2273	3141	3730	4578	7244	3801	1357
27/03/2014	12:09:36	145	Mesur_Alc	4950	2267	3135	3730	4578	7243	3801	1357
27/03/2014	12:38:37	146	Blanc_Alc	4980	5135	4287	3730	4578	7160	3739	1392
27/03/2014	12:38:45	146	Blanc_Alc	4973	5121	4302	3730	4579	7156	3735	1394
27/03/2014	12:38:53	146	Blanc_Alc	4968	5140	4301	3730	4578	7153	3734	1395
27/03/2014	12:39:01	146	Mesur_Alc	4951	2256	3144	3730	4578	7155	3735	1394
27/03/2014	12:39:28	146	Mesur_Alc	4947	2272	3139	3730	4578	7152	3733	1395
27/03/2014	12:39:36	146	Mesur_Alc	4950	2266	3135	3730	4578	7150	3731	1396
27/03/2014	13:08:37	147	Blanc_Alc	4980	5135	4286	3730	4578	7125	3713	1407
27/03/2014	13:08:45	147	Blanc_Alc	4973	5121	4303	3730	4578	7120	3709	1409
27/03/2014	13:08:53	147	Blanc_Alc	4968	5140	4302	3730	4578	7116	3706	1411
27/03/2014	13:09:01	147	Mesur_Alc	4953	2256	3144	3730	4578	7113	3704	1412
27/03/2014	13:09:28	147	Mesur_Alc	4947	2272	3139	3730	4578	7110	3702	1413
27/03/2014	13:09:36	147	Mesur_Alc	4948	2266	3137	3730	4578	7106	3699	1415
27/03/2014	13:38:37	148	Blanc_Alc	4982	5137	4287	3729	4579	7060	3664	1435
27/03/2014	13:38:45	148	Blanc_Alc	4976	5120	4301	3729	4578	7054	3660	1438
27/03/2014	13:38:53	148	Blanc_Alc	4968	5142	4300	3729	4578	7049	3657	1439
27/03/2014	13:39:01	148	Mesur_Alc	4952	2256	3144	3729	4578	7044	3653	1442
27/03/2014	13:39:28	148	Mesur_Alc	4946	2275	3134	3729	4578	7040	3650	1443
27/03/2014	13:39:36	148	Mesur_Alc	4950	2268	3134	3729	4578	7036	3647	1445
27/03/2014	14:08:37	149	Blanc_Alc	4980	5139	4287	3729	4578	7010	3628	1456
27/03/2014	14:08:45	149	Blanc_Alc	4974	5120	4301	3729	4578	7001	3621	1460
27/03/2014	14:08:53	149	Blanc_Alc	4969	5141	4301	3729	4578	6995	3617	1463
27/03/2014	14:09:01	149	Mesur_Alc	4952	2257	3139	3729	4578	6988	3612	1466
27/03/2014	14:09:28	149	Mesur_Alc	4947	2273	3140	3729	4578	6982	3607	1469
27/03/2014	14:09:36	149	Mesur_Alc	4951	2267	3135	3729	4578	6977	3604	1471
27/03/2014	14:38:37	150	Blanc_Alc	4982	5137	4286	3729	4578	7005	3624	1459
27/03/2014	14:38:45	150	Blanc_Alc	4975	5121	4302	3729	4578	6995	3617	1463
27/03/2014	14:38:53	150	Blanc_Alc	4968	5142	4300	3729	4578	6988	3612	1466
27/03/2014	14:39:01	150	Mesur_Alc	4953	2257	3144	3729	4579	6978	3604	1471
27/03/2014	14:39:28	150	Mesur_Alc	4948	2273	3135	3729	4578	6972	3600	1473
27/03/2014	14:39:36	150	Mesur_Alc	4949	2268	3135	3729	4578	6966	3596	1475
27/03/2014	15:08:37	151	Blanc_Alc	4983	5137	4285	3729	4578	7090	3687	1422
27/03/2014	15:08:45	151	Blanc_Alc	4976	5120	4303	3729	4578	7080	3680	1426
27/03/2014	15:08:53	151	Blanc_Alc	4968	5143	4299	3729	4578	7072	3674	1429
27/03/2014	15:09:01	151	Mesur_Alc	4952	2256	3143	3729	4578	7058	3663	1436
27/03/2014	15:09:28	151	Mesur_Alc	4948	2273	3134	3729	4578	7052	3659	1438
27/03/2014	15:09:36	151	Mesur_Alc	4950	2269	3136	3729	4578	7047	3655	1440
27/03/2014	15:38:37	152	Blanc_Alc	4983	5138	4285	3729	4578	7062	3666	1434
27/03/2014	15:38:45	152	Blanc_Alc	4974	5121	4301	3729	4578	7052	3659	1438
27/03/2014	15:38:53	152	Blanc_Alc	4968	5141	4300	3729	4578	7044	3653	1442
27/03/2014	15:39:01	152	Mesur_Alc	4954	2258	3144	3729	4578	7031	3643	1447
27/03/2014	15:39:28	152	Mesur_Alc	4948	2274	3134	3729	4578	7024	3638	1450
27/03/2014	15:39:36	152	Mesur_Alc	4950	2268	3134	3729	4578	7018	3634	1453
27/03/2014	16:08:38	153	Blanc_Alc	4982	5137	4285	3729	4578	6979	3605	1470
27/03/2014	16:08:45	153	Blanc_Alc	4976	5120	4303	3729	4579	6969	3597	1475
27/03/2014	16:08:53	153	Blanc_Alc	4968	5141	4299	3729	4578	6961	3592	1478
27/03/2014	16:09:01	153	Mesur_Alc	4952	2257	3139	3729	4578	6948	3582	1484
27/03/2014	16:09:29	153	Mesur_Alc	4947	2274	3140	3729	4578	6941	3577	1487
27/03/2014	16:09:36	153	Mesur_Alc	4948	2268	3134	3729	4578	6935	3573	1489
27/03/2014	16:38:38	154	Blanc_Alc	4982	5137	4285	3729	4578	7081	3680	1426
27/03/2014	16:38:45	154	Blanc_Alc	4976	5122	4303	3729	4578	7070	3672	1431
27/03/2014	16:38:53	154	Blanc_Alc	4969	5141	4299	3729	4578	7062	3666	1434
27/03/2014	16:39:01	154	Mesur_Alc	4953	2257	3144	3729	4578	7045	3654	1441
27/03/2014	16:39:29	154	Mesur_Alc	4948	2274	3135	3729	4578	7038	3649	1444
27/03/2014	16:39:37	154	Mesur_Alc	4949	2268	3134	3729	4578	7032	3644	1447
27/03/2014	17:08:37	155	Blanc_Alc	4983	5137	4287	3729	4578	7302	3845	1332
27/03/2014	17:08:45	155	Blanc_Alc	4975	5121	4302	3729	4578	7291	3837	1337
27/03/2014	17:08:53	155	Blanc_Alc	4969	5142	4299	3729	4578	7282	3830	1341
27/03/2014	17:09:01	155	Mesur_Alc	4954	2256	3140	3729	4578	7263	3816	1348
27/03/2014	17:09:29	155	Mesur_Alc	4948	2274	3139	3729	4578	7256	3810	1352
27/03/2014	17:09:36	155	Mesur_Alc	4949	2268	3134	3729	4578	7250	3806	1354
27/03/2014	17:38:38	156	Blanc_Alc	4982	5138	4287	3729	4578	7257	3811	1351
27/03/2014	17:38:45	156	Blanc_Alc	4976	5120	4301	3729	4578	7248	3804	1355
27/03/2014	17:38:53	156	Blanc_Alc	4968	5142	4299	3729	4578	7241	3799	1358
27/03/2014	17:39:01	156	Mesur_Alc	4954	2258	3143	3729	4578	7227	3789	1364
27/03/2014	17:39:29	156	Mesur_Alc	4949	2272	3135	3729	4578	7221	3784	1366
27/03/2014	17:39:37	156	Mesur_Alc	4948	2267	3135	3729	4578	7216	3781	1368
27/03/2014	18:08:37	157	Blanc_Alc	4982	5136	4285	3729	4578	7363	3891	1307
27/03/2014	18:08:45	157	Blanc_Alc	4975	5120	4301	3729	4578	7354	3884	1311
27/03/2014	18:08:53	157	Blanc_Alc	4968	5143	4301	3729	4578	7347	3879	1314
27/03/2014	18:09:01	157	Mesur_Alc	4954	2256	3145	3729	4578	7332	3867	1320
27/03/2014	18:09:29	157	Mesur_Alc	4948	2274	3134	3729	4578	7326	3863	1322
27/03/2014	18:09:36	157	Mesur_Alc	4949	2267	3135	3729	4578	7321	3859	1325
27/03/2014	18:38:38	158	Blanc_Alc	4982	5137	4286	3729	4578	7543	4027	1234
27/03/2014	18:38:45	158	Blanc_Alc	4976	5121	4303	3729	4578	7535	4021	1237
27/03/2014	18:38:53	158	Blanc_Alc	4967	5143	4299	3729	4578	7529	4016	1240
27/03/2014	18:39:01	158	Mesur_Alc	4952	2258	3144	3729	4578	7514	4005	1246
27/03/2014	18:39:29	158	Mesur_Alc	4947	2273	3140	3729	4578	7510	4002	1247
27/03/2014	18:39:37	158	Mesur_Alc	4950	2269	3130	3729	4578	7505	3998	1249
27/03/2014	19:08:38	159	Blanc_Alc	4982	5137	4286	3729	4578	7762	4194	1148
27/03/2014	19:08:45	159	Blanc_Alc	4975	5121	4302	3729	4578	7756	4190	1150
27/03/2014	19:08:53	159	Blanc_Alc	4968	5142	4301	3729	4578	7751	4186	1152
27/03/2014	19:09:01	159	Mesur_Alc	4952	2258	3143	3729	4578	7737	4175	1158
27/03/2014	19:09:29	159	Mesur_Alc	4949	2274	3140	3729	4578	7734	4173	1159
27/03/2014	19:09:37	159	Mesur_Alc	4950	2268	3130	3729	4578	7730	4170	1160
27/03/2014	19:38:37	160	Blanc_Alc	4983	5137	4286	3729	4578	7936	4329	1082
27/03/2014	19:38:45	160	Blanc_Alc	4975	5121	4303	3729	4578	7933	4327	1083
27/03/2014	19:38:53	160	Blanc_Alc	4967	5141	4299	3729	4578	7930	4325	1084
27/03/2014	19:39:01	160	Mesur_Alc	4953	2257	3145	3729	4578	7921	4318	1087
27/03/2014	19:39:29	160	Mesur_Alc	4949	2272	3139	3729	4578	7919	4316	1088
27/03/2014	19:39:36	160	Mesur_Alc	4948	2267	3130	3729	4578	7917	4314	1089
27/03/2014	20:08:38	161	Blanc_Alc	4982	5136	4286	3729	4578	8060	4426	1035
27/03/2014	20:08:45	161	Blanc_Alc	4974	5121	4301	3729	4578	8060	4426	1035
27/03/2014	20:08:53	161	Blanc_Alc	4967	5143	4299	3729	4578	8060	4426	1035
27/03/2014	20:09:01	161	Mesur_Alc	4952	2257	3145	3729	4578	8055	4422	1037
27/03/2014	20:09:29	161	Mesur_Alc	4947	2273	3133	3729	4578	8055	4422	1037
27/03/2014	20:09:37	161	Mesur_Alc	4949	2268	3134	3729	4578	8055	4422	1037
27/03/2014	20:38:37	162	Blanc_Alc	4982	5137	4287	3729	4578	8179	4520	992
27/03/2014	20:38:45	162	Blanc_Alc	4975	5122	4303	3729	4578	8182	4522	991
27/03/2014	20:38:53	162	Blanc_Alc	4968	5141	4300	3729	4578	8184	4524	990
27/03/2014	20:39:01	162	Mesur_Alc	4953	2256	3145	3729	4578	8184	4524	990
27/03/2014	20:39:29	162	Mesur_Alc	4947	2274	3139	3729	4578	8187	4526	989
27/03/2014	20:39:37	162	Mesur_Alc	4948	2267	3136	3729	4578	8189	4528	988
27/03/2014	21:08:38	163	Blanc_Alc	4982	5138	4285	3729	4578	113	4620	946
27/03/2014	21:08:46	163	Blanc_Alc	4975	5121	4303	3729	4578	119	4625	944
27/03/2014	21:08:53	163	Blanc_Alc	4967	5142	4300	3729	4578	124	4629	942
27/03/2014	21:09:01	163	Mesur_Alc	4954	2258	3143	3729	4578	127	4631	941
27/03/2014	21:09:29	163	Mesur_Alc	4948	2273	3140	3729	4578	131	4634	940
27/03/2014	21:09:37	163	Mesur_Alc	4948	2268	3135	3729	4578	135	4638	938
27/03/2014	21:38:37	164	Blanc_Alc	4983	5138	4286	3729	4578	211	4698	911
27/03/2014	21:38:45	164	Blanc_Alc	4975	5122	4302	3730	4578	220	4705	908
27/03/2014	21:38:53	164	Blanc_Alc	4967	5141	4299	3730	4578	228	4712	905
27/03/2014	21:39:01	164	Mesur_Alc	4953	2258	3145	3729	4578	233	4716	903
27/03/2014	21:39:29	164	Mesur_Alc	4949	2272	3139	3730	4578	239	4720	902
27/03/2014	21:39:36	164	Mesur_Alc	4948	2267	3134	3730	4578	245	4725	899
27/03/2014	22:08:37	165	Blanc_Alc	4983	5138	4285	3730	4578	289	4761	884
27/03/2014	22:08:45	165	Blanc_Alc	4976	5121	4301	3730	4578	301	4770	880
27/03/2014	22:08:53	165	Blanc_Alc	4968	5141	4299	3730	4578	311	4778	876
27/03/2014	22:09:01	165	Mesur_Alc	4954	2256	3144	3730	4578	320	4786	873
27/03/2014	22:09:29	165	Mesur_Alc	4948	2273	3139	3730	4578	327	4791	871
27/03/2014	22:09:37	165	Mesur_Alc	4949	2267	3134	3730	4578	335	4798	868
27/03/2014	22:38:38	166	Blanc_Alc	4981	5138	4287	3730	4578	368	4824	856
27/03/2014	22:38:46	166	Blanc_Alc	4976	5122	4302	3730	4579	384	4837	851
27/03/2014	22:38:53	166	Blanc_Alc	4969	5141	4301	3730	4578	396	4847	847
27/03/2014	22:39:01	166	Mesur_Alc	4953	2257	3144	3730	4578	406	4855	843
27/03/2014	22:39:29	166	Mesur_Alc	4949	2273	3139	3730	4578	416	4863	840
27/03/2014	22:39:37	166	Mesur_Alc	4949	2269	3134	3730	4578	425	4871	836
27/03/2014	23:08:37	167	Blanc_Alc	4981	5136	4285	3730	4578	434	4878	833
27/03/2014	23:08:45	167	Blanc_Alc	4975	5122	4302	3730	4578	452	4893	827
27/03/2014	23:08:53	167	Blanc_Alc	4969	5142	4301	3730	4578	466	4904	823
27/03/2014	23:09:01	167	Mesur_Alc	4952	2256	3143	3730	4578	478	4914	818
27/03/2014	23:09:29	167	Mesur_Alc	4947	2273	3140	3730	4578	489	4923	815
27/03/2014	23:09:37	167	Mesur_Alc	4948	2269	3135	3730	4578	500	4932	811
27/03/2014	23:38:38	168	Blanc_Alc	4981	5137	4286	3730	4578	491	4924	814
27/03/2014	23:38:45	168	Blanc_Alc	4974	5120	4301	3730	4578	511	4941	807
27/03/2014	23:38:53	168	Blanc_Alc	4969	5143	4301	3730	4578	528	4955	801
27/03/2014	23:39:01	168	Mesur_Alc	4954	2256	3145	3730	4578	541	4965	797
27/03/2014	23:39:29	168	Mesur_Alc	4947	2272	3139	3730	4578	553	4975	793
27/03/2014	23:39:37	168	Mesur_Alc	4950	2269	3135	3730	4578	566	4986	788
28/03/2014	00:08:37	169	Blanc_Alc	4983	5138	4286	3730	4579	537	4962	798
28/03/2014	00:08:45	169	Blanc_Alc	4976	5120	4302	3730	4578	560	4981	790
28/03/2014	00:08:53	169	Blanc_Alc	4967	5141	4300	3730	4578	578	4996	784
28/03/2014	00:09:01	169	Mesur_Alc	4953	2258	3144	3730	4578	591	5006	780
28/03/2014	00:09:28	169	Mesur_Alc	4949	2273	3138	3730	4578	606	5019	775
28/03/2014	00:09:36	169	Mesur_Alc	4950	2269	3135	3730	4578	620	5030	770
28/03/2014	00:38:37	170	Blanc_Alc	4981	5136	4287	3730	4578	567	4987	788
28/03/2014	00:38:45	170	Blanc_Alc	4974	5120	4302	3730	4578	591	5006	780
28/03/2014	00:38:53	170	Blanc_Alc	4968	5141	4301	3730	4578	610	5022	774
28/03/2014	00:39:01	170	Mesur_Alc	4952	2257	3145	3730	4578	625	5034	769
28/03/2014	00:39:28	170	Mesur_Alc	4948	2273	3140	3730	4578	641	5047	763
28/03/2014	00:39:36	170	Mesur_Alc	4949	2267	3136	3730	4578	656	5060	758
28/03/2014	01:08:37	171	Blanc_Alc	4981	5136	4287	3730	4578	577	4995	785
28/03/2014	01:08:45	171	Blanc_Alc	4973	5119	4303	3730	4578	603	5016	776
28/03/2014	01:08:53	171	Blanc_Alc	4969	5140	4301	3730	4578	624	5033	769
28/03/2014	01:09:01	171	Mesur_Alc	4953	2256	3145	3730	4578	637	5044	765
28/03/2014	01:09:28	171	Mesur_Alc	4947	2272	3141	3730	4578	654	5058	759
28/03/2014	01:09:36	171	Mesur_Alc	4948	2268	3137	3730	4578	670	5071	754
28/03/2014	01:38:37	172	Blanc_Alc	4980	5137	4288	3730	4578	554	4976	792
28/03/2014	01:38:45	172	Blanc_Alc	4974	5121	4303	3730	4578	581	4998	783
28/03/2014	01:38:53	172	Blanc_Alc	4968	5140	4302	3730	4578	602	5015	776
28/03/2014	01:39:01	172	Mesur_Alc	4952	2256	3144	3730	4578	616	5027	771
28/03/2014	01:39:28	172	Mesur_Alc	4949	2274	3139	3730	4578	633	5041	766
28/03/2014	01:39:36	172	Mesur_Alc	4949	2268	3137	3730	4578	651	5056	760
28/03/2014	02:08:37	173	Blanc_Alc	4981	5135	4288	3730	4579	498	4930	812
28/03/2014	02:08:45	173	Blanc_Alc	4974	5121	4303	3730	4578	525	4952	802
28/03/2014	02:08:53	173	Blanc_Alc	4967	5140	4301	3730	4578	547	4970	795
28/03/2014	02:09:01	173	Mesur_Alc	4952	2257	3146	3730	4578	561	4982	790
28/03/2014	02:09:28	173	Mesur_Alc	4947	2274	3141	3730	4578	579	4996	784
28/03/2014	02:09:36	173	Mesur_Alc	4949	2267	3137	3730	4578	597	5011	778
28/03/2014	02:38:37	174	Blanc_Alc	4981	5135	4288	3730	4578	469	4906	822
28/03/2014	02:38:45	174	Blanc_Alc	4975	5120	4302	3730	4578	496	4928	812
28/03/2014	02:38:53	174	Blanc_Alc	4969	5141	4302	3730	4578	518	4946	805
28/03/2014	02:39:01	174	Mesur_Alc	4952	2256	3144	3730	4579	531	4957	800
28/03/2014	02:39:28	174	Mesur_Alc	4948	2272	3140	3730	4578	549	4972	794
28/03/2014	02:39:36	174	Mesur_Alc	4948	2268	3137	3730	4578	567	4987	788
28/03/2014	03:08:37	175	Blanc_Alc	4981	5136	4287	3730	4578	483	4918	817
28/03/2014	03:08:45	175	Blanc_Alc	4973	5120	4301	3730	4578	511	4941	807
28/03/2014	03:08:53	175	Blanc_Alc	4968	5140	4300	3730	4578	532	4958	800
28/03/2014	03:09:01	175	Mesur_Alc	4951	2258	3146	3730	4578	546	4969	795
28/03/2014	03:09:28	175	Mesur_Alc	4949	2274	3139	3730	4578	564	4984	789
28/03/2014	03:09:36	175	Mesur_Alc	4950	2267	3136	3730	4578	581	4998	783
28/03/2014	03:38:37	176	Blanc_Alc	4980	5136	4288	3730	4578	546	4969	795
28/03/2014	03:38:45	176	Blanc_Alc	4975	5121	4301	3730	4578	569	4988	788
28/03/2014	03:38:53	176	Blanc_Alc	4968	5141	4301	3730	4578	588	5004	781
28/03/2014	03:39:01	176	Mesur_Alc	4953	2258	3145	3730	4578	597	5011	778
28/03/2014	03:39:28	176	Mesur_Alc	4948	2273	3140	3730	4578	614	5025	772
28/03/2014	03:39:36	176	Mesur_Alc	4949	2267	3137	3730	4578	631	5039	767
28/03/2014	04:08:37	177	Blanc_Alc	4982	5137	4287	3730	4578	561	4982	790
28/03/2014	04:08:45	177	Blanc_Alc	4973	5121	4301	3730	4578	589	5005	781
28/03/2014	04:08:53	177	Blanc_Alc	4968	5141	4301	3730	4578	611	5023	773
28/03/2014	04:09:01	177	Mesur_Alc	4952	2256	3145	3730	4578	625	5034	769
28/03/2014	04:09:28	177	Mesur_Alc	4948	2272	3141	3730	4578	643	5049	763
28/03/2014	04:09:36	177	Mesur_Alc	4948	2267	3135	3730	4578	661	5064	756
28/03/2014	04:38:37	178	Blanc_Alc	4980	5136	4287	3730	4578	614	5025	772
28/03/2014	04:38:45	178	Blanc_Alc	4974	5120	4303	3730	4578	642	5048	763
28/03/2014	04:38:53	178	Blanc_Alc	4969	5141	4302	3730	4578	665	5067	755
28/03/2014	04:39:01	178	Mesur_Alc	4952	2258	3146	3730	4578	679	5079	750
28/03/2014	04:39:28	178	Mesur_Alc	4948	2273	3141	3730	4578	698	5094	744
28/03/2014	04:39:36	178	Mesur_Alc	4950	2267	3135	3730	4578	716	5109	738
28/03/2014	05:08:37	179	Blanc_Alc	4980	5135	4287	3730	4578	654	5058	759
28/03/2014	05:08:45	179	Blanc_Alc	4973	5121	4302	3730	4578	684	5083	749
28/03/2014	05:08:53	179	Blanc_Alc	4968	5140	4301	3730	4579	708	5102	741
28/03/2014	05:09:01	179	Mesur_Alc	4951	2256	3144	3730	4578	722	5114	736
28/03/2014	05:09:28	179	Mesur_Alc	4947	2272	3139	3730	4578	742	5131	729
28/03/2014	05:09:36	179	Mesur_Alc	4950	2266	3135	3730	4578	762	5147	723
28/03/2014	05:38:37	180	Blanc_Alc	4980	5135	4286	3730	4578	698	5094	744
28/03/2014	05:38:45	180	Blanc_Alc	4973	5121	4303	3730	4578	729	5120	734
28/03/2014	05:38:53	180	Blanc_Alc	4968	5140	4302	3730	4578	753	5140	726
28/03/2014	05:39:01	180	Mesur_Alc	4953	2256	3144	3730	4578	815	5191	706
28/03/2014	05:39:28	180	Mesur_Alc	4947	2272	3139	3730	4578	825	5200	702
28/03/2014	05:39:36	180	Mesur_Alc	4948	2266	3137	3730	4578	836	5209	698
28/03/2014	06:08:37	181	Blanc_Alc	4983	5138	4286	3730	4578	702	5098	743
28/03/2014	06:08:45	181	Blanc_Alc	4976	5120	4302	3730	4578	734	5124	732
28/03/2014	06:08:53	181	Blanc_Alc	4967	5141	4300	3730	4578	760	5146	723
28/03/2014	06:09:01	181	Mesur_Alc	4953	2258	3144	3730	4578	776	5159	718
28/03/2014	06:09:28	181	Mesur_Alc	4949	2273	3138	3730	4578	797	5176	712
28/03/2014	06:09:36	181	Mesur_Alc	4950	2269	3135	3730	4578	818	5194	704
28/03/2014	06:38:37	182	Blanc_Alc	4981	5136	4287	3730	4578	667	5069	754
28/03/2014	06:38:45	182	Blanc_Alc	4974	5120	4302	3730	4578	700	5096	743
28/03/2014	06:38:53	182	Blanc_Alc	4968	5141	4301	3730	4578	726	5118	735
28/03/2014	06:39:01	182	Mesur_Alc	4952	2257	3145	3730	4578	742	5131	729
28/03/2014	06:39:28	182	Mesur_Alc	4948	2273	3140	3730	4578	763	5148	723
28/03/2014	06:39:36	182	Mesur_Alc	4949	2267	3136	3730	4578	784	5166	715
28/03/2014	07:08:37	183	Blanc_Alc	4981	5136	4287	3730	4578	566	4986	788
28/03/2014	07:08:45	183	Blanc_Alc	4973	5119	4303	3730	4578	596	5010	778
28/03/2014	07:08:53	183	Blanc_Alc	4969	5140	4301	3730	4578	620	5030	770
28/03/2014	07:09:01	183	Mesur_Alc	4953	2256	3145	3730	4579	637	5044	765
28/03/2014	07:09:28	183	Mesur_Alc	4947	2272	3141	3730	4578	656	5060	758
28/03/2014	07:09:36	183	Mesur_Alc	4948	2268	3137	3730	4578	676	5076	752
28/03/2014	07:38:38	184	Blanc_Alc	4980	5137	4288	3730	4578	385	4838	850
28/03/2014	07:38:46	184	Blanc_Alc	4974	5121	4303	3730	4579	413	4861	841
28/03/2014	07:38:54	184	Blanc_Alc	4968	5140	4302	3730	4579	435	4878	833
28/03/2014	07:39:02	184	Mesur_Alc	4952	2256	3144	3730	4578	450	4891	828
28/03/2014	07:39:30	184	Mesur_Alc	4949	2274	3139	3730	4578	468	4906	822
28/03/2014	07:39:37	184	Mesur_Alc	4949	2268	3137	3730	4578	486	4920	816
28/03/2014	08:08:38	185	Blanc_Alc	4981	5135	4288	3730	4578	112	4619	947
28/03/2014	08:08:46	185	Blanc_Alc	4974	5121	4303	3730	4578	136	4638	938
28/03/2014	08:08:54	185	Blanc_Alc	4967	5140	4301	3730	4578	155	4653	931
28/03/2014	08:09:02	185	Mesur_Alc	4952	2257	3146	3730	4579	170	4665	926
28/03/2014	08:09:29	185	Mesur_Alc	4947	2274	3141	3730	4578	185	4677	921
28/03/2014	08:09:37	185	Mesur_Alc	4949	2267	3137	3730	4578	200	4689	915
28/03/2014	08:38:38	186	Blanc_Alc	4981	5135	4288	3730	4579	8060	4425	1036
28/03/2014	08:38:46	186	Blanc_Alc	4975	5120	4302	3730	4578	8079	4441	1028
28/03/2014	08:38:54	186	Blanc_Alc	4969	5141	4302	3730	4578	8094	4453	1023
28/03/2014	08:39:02	186	Mesur_Alc	4952	2256	3144	3730	4578	8109	4464	1018
28/03/2014	08:39:29	186	Mesur_Alc	4948	2272	3140	3730	4578	8121	4474	1013
28/03/2014	08:39:37	186	Mesur_Alc	4948	2268	3137	3730	4578	8133	4483	1009
28/03/2014	09:08:38	187	Blanc_Alc	4981	5136	4287	3730	4579	7835	4250	1121
28/03/2014	09:08:46	187	Blanc_Alc	4973	5120	4301	3730	4578	7849	4261	1115
28/03/2014	09:08:54	187	Blanc_Alc	4968	5140	4300	3730	4578	7860	4270	1111
28/03/2014	09:09:02	187	Mesur_Alc	4951	2258	3146	3730	4578	7875	4281	1105
28/03/2014	09:09:29	187	Mesur_Alc	4949	2274	3139	3730	4578	7883	4288	1102
28/03/2014	09:09:37	187	Mesur_Alc	4950	2267	3136	3730	4578	7892	4295	1098
28/03/2014	09:38:38	188	Blanc_Alc	4980	5136	4288	3730	4578	7731	4170	1160
28/03/2014	09:38:46	188	Blanc_Alc	4975	5121	4301	3730	4578	7739	4176	1157
28/03/2014	09:38:54	188	Blanc_Alc	4968	5141	4301	3730	4578	7746	4182	1154
28/03/2014	09:39:02	188	Mesur_Alc	4953	2258	3145	3730	4578	7760	4193	1149
28/03/2014	09:39:29	188	Mesur_Alc	4948	2273	3140	3730	4578	7766	4197	1147
28/03/2014	09:39:37	188	Mesur_Alc	4949	2267	3137	3730	4579	7771	4201	1145
28/03/2014	10:08:38	189	Blanc_Alc	4982	5137	4287	3730	4579	7530	4016	1240
28/03/2014	10:08:46	189	Blanc_Alc	4973	5121	4301	3730	4579	7535	4020	1238
28/03/2014	10:08:54	189	Blanc_Alc	4968	5141	4301	3730	4578	7540	4024	1236
28/03/2014	10:09:02	189	Mesur_Alc	4952	2256	3145	3730	4579	7552	4033	1231
28/03/2014	10:09:29	189	Mesur_Alc	4948	2272	3141	3730	4578	7555	4036	1229
28/03/2014	10:09:37	189	Mesur_Alc	4948	2267	3135	3730	4578	7559	4039	1228
28/03/2014	10:38:38	190	Blanc_Alc	4980	5136	4287	3730	4578	7321	3859	1325
28/03/2014	10:38:46	190	Blanc_Alc	4974	5120	4303	3730	4578	7323	3861	1323
28/03/2014	10:38:54	190	Blanc_Alc	4969	5141	4302	3730	4578	7325	3862	1323
28/03/2014	10:39:02	190	Mesur_Alc	4952	2258	3146	3730	4578	7336	3870	1318
28/03/2014	10:39:29	190	Mesur_Alc	4948	2273	3141	3730	4578	7337	3871	1318
28/03/2014	10:39:37	190	Mesur_Alc	4950	2267	3135	3730	4578	7338	3872	1317
28/03/2014	11:08:38	191	Blanc_Alc	4980	5135	4287	3730	4578	7126	3714	1406
28/03/2014	11:08:46	191	Blanc_Alc	4973	5121	4302	3730	4578	7124	3712	1407
28/03/2014	11:08:54	191	Blanc_Alc	4968	5140	4301	3730	4578	7123	3711	1408
28/03/2014	11:09:02	191	Mesur_Alc	4951	2256	3144	3730	4578	7130	3717	1404
28/03/2014	11:09:29	191	Mesur_Alc	4947	2272	3139	3730	4578	7128	3715	1406
28/03/2014	11:09:37	191	Mesur_Alc	4950	2266	3135	3730	4578	7127	3714	1406
28/03/2014	11:38:38	192	Blanc_Alc	4980	5135	4286	3730	4578	7055	3661	1437
28/03/2014	11:38:46	192	Blanc_Alc	4973	5121	4303	3730	4578	7050	3657	1439
28/03/2014	11:38:54	192	Blanc_Alc	4968	5140	4302	3730	4579	7047	3655	1440
28/03/2014	11:39:02	192	Mesur_Alc	4953	2256	3144	3730	4578	7047	3655	1440
28/03/2014	11:39:29	192	Mesur_Alc	4947	2272	3139	3730	4578	7043	3652	1442
28/03/2014	11:39:37	192	Mesur_Alc	4948	2266	3137	3730	4579	7040	3649	1444
28/03/2014	12:08:38	193	Blanc_Alc	4983	5138	4286	3730	4578	7033	3645	1446
28/03/2014	12:08:46	193	Blanc_Alc	4976	5120	4302	3730	4578	7026	3640	1449
28/03/2014	12:08:54	193	Blanc_Alc	4967	5141	4300	3730	4579	7021	3635	1452
28/03/2014	12:09:02	193	Mesur_Alc	4953	2258	3144	3730	4578	7016	3632	1454
28/03/2014	12:09:29	193	Mesur_Alc	4949	2273	3138	3730	4578	7011	3629	1456
28/03/2014	12:09:37	193	Mesur_Alc	4950	2269	3135	3730	4578	7007	3626	1458
28/03/2014	12:38:38	194	Blanc_Alc	4981	5136	4287	3730	4578	6933	3571	1490
28/03/2014	12:38:46	194	Blanc_Alc	4974	5120	4302	3730	4579	6925	3565	1494
28/03/2014	12:38:54	194	Blanc_Alc	4968	5141	4301	3730	4578	6919	3561	1496
28/03/2014	12:39:02	194	Mesur_Alc	4952	2257	3145	3730	4578	6912	3556	1499
28/03/2014	12:39:29	194	Mesur_Alc	4948	2273	3140	3730	4578	6907	3552	1502
28/03/2014	12:39:37	194	Mesur_Alc	4949	2267	3136	3730	4578	6902	3549	1504
28/03/2014	13:08:38	195	Blanc_Alc	4981	5136	4287	3730	4579	6832	3497	1535
28/03/2014	13:08:46	195	Blanc_Alc	4973	5119	4303	3730	4578	6823	3491	1539
28/03/2014	13:08:54	195	Blanc_Alc	4969	5140	4301	3730	4578	6815	3485	1543
28/03/2014	13:09:02	195	Mesur_Alc	4953	2256	3145	3730	4578	6806	3479	1546
28/03/2014	13:09:29	195	Mesur_Alc	4947	2272	3141	3730	4578	6799	3473	1550
28/03/2014	13:09:37	195	Mesur_Alc	4948	2268	3137	3730	4578	6793	3469	1553
28/03/2014	13:38:38	196	Blanc_Alc	4980	5137	4288	3730	4579	6764	3448	1566
28/03/2014	13:38:46	196	Blanc_Alc	4974	5121	4303	3730	4578	6754	3441	1570
28/03/2014	13:38:54	196	Blanc_Alc	4968	5140	4302	3730	4578	6745	3434	1575
28/03/2014	13:39:02	196	Mesur_Alc	4952	2256	3144	3730	4578	6732	3425	1580
28/03/2014	13:39:29	196	Mesur_Alc	4949	2274	3139	3730	4578	6725	3420	1583
28/03/2014	13:39:37	196	Mesur_Alc	4949	2268	3137	3730	4578	6719	3415	1587
28/03/2014	14:08:38	197	Blanc_Alc	4981	5135	4288	3730	4578	6747	3436	1573
28/03/2014	14:08:46	197	Blanc_Alc	4974	5121	4303	3730	4578	6735	3427	1579
28/03/2014	14:08:54	197	Blanc_Alc	4967	5140	4301	3730	4578	6726	3420	1583
28/03/2014	14:09:02	197	Mesur_Alc	4952	2257	3146	3730	4578	6710	3409	1590
28/03/2014	14:09:29	197	Mesur_Alc	4947	2274	3141	3730	4578	6702	3403	1594
28/03/2014	14:09:37	197	Mesur_Alc	4949	2267	3137	3730	4578	6695	3398	1597

