DATETIME,COUNT,TYPE,LAMBDA_1,LAMBDA_2,LAMBDA_3,NH,NL,Nth,100_T_cel,T_cel,TSG,NMEA
2021/12/02 15:20:31 ,0,Blanc_pH,772,5170,2949,3735,4587,4587,1958,28.28,,nan
2021/12/02 15:20:31 ,0,Blanc_pH,772,5170,2949,3735,4587,4587,1958,28.28,,nan
2021/12/02 15:20:31 ,0,Blanc_pH,772,5170,2949,3735,4587,4587,1958,28.28,,nan
2021/12/02 15:20:31 ,0,Mesure_pH,772,5170,2949,3735,4587,4587,1958,28.28,,nan
2021/12/02 15:20:31 ,0,Mesure_pH,772,5170,2949,3735,4587,4587,1958,28.28,,nan
2021/12/02 15:20:31 ,0,Mesure_pH,772,5170,2949,3735,4587,4587,1958,28.28,,nan
2021/12/02 15:20:31 ,0,Mesure_pH,772,5170,2949,3735,4587,4587,1958,28.28,,nan
2021/12/02 15:20:31 ,0,Mesure_pH,772,5170,2949,3735,4587,4587,1958,28.28,,nan
2021/12/02 15:20:31 ,0,Mesure_pH,772,5170,2949,3735,4587,4587,1958,28.28,,nan
2021/12/02 15:20:31 ,0,Mesure_pH,772,5170,2949,3735,4587,4587,1958,28.28,,nan
2021/12/02 15:20:31 ,0,Mesure_pH,772,5170,2949,3735,4587,4587,1958,28.28,,nan
2021/12/02 15:20:31 ,0,Mesure_pH,772,5170,2949,3735,4587,4587,1958,28.28,,nan
2021/12/02 15:20:31 ,0,Mesure_pH,772,5170,2949,3735,4587,4587,1958,28.28,,nan
2021/12/02 15:20:31 ,0,Mesure_pH,772,5170,2949,3735,4587,4587,1958,28.28,,nan
2021/12/02 15:20:31 ,0,Mesure_pH,772,5170,2949,3735,4587,4587,1958,28.28,,nan
2021/12/02 15:20:32 ,1,Blanc_pH,772,5170,2949,3735,4587,4587,1958,28.28,,nan
2021/12/02 15:20:32 ,1,Blanc_pH,772,5170,2949,3735,4587,4587,1958,28.28,,nan
2021/12/02 15:20:32 ,1,Blanc_pH,772,5170,2949,3735,4587,4587,1958,28.28,,nan
2021/12/02 15:20:32 ,1,Mesure_pH,772,5170,2949,3735,4587,4587,1958,28.28,,nan
2021/12/02 15:20:32 ,1,Mesure_pH,772,5170,2949,3735,4587,4587,1958,28.28,,nan
2021/12/02 15:20:32 ,1,Mesure_pH,772,5170,2949,3735,4587,4587,1958,28.28,,nan
2021/12/02 15:20:32 ,1,Mesure_pH,772,5170,2949,3735,4587,4587,1958,28.28,,nan
2021/12/02 15:20:32 ,1,Mesure_pH,772,5170,2949,3735,4587,4587,1958,28.28,,nan
2021/12/02 15:20:32 ,1,Mesure_pH,772,5170,2949,3735,4587,4587,1958,28.28,,nan
2021/12/02 15:20:32 ,1,Mesure_pH,772,5170,2949,3735,4587,4587,1958,28.28,,nan
2021/12/02 15:20:32 ,1,Mesure_pH,772,5170,2949,3735,4587,4587,1958,28.28,,nan
2021/12/02 15:20:32 ,1,Mesure_pH,772,5170,2949,3735,4587,4587,1958,28.28,,nan
2021/12/02 15:20:32 ,1,Mesure_pH,772,5170,2949,3735,4587,4587,1958,28.28,,nan
2021/12/02 15:20:32 ,1,Mesure_pH,772,5170,2949,3735,4587,4587,1958,28.28,,nan
2021/12/02 15:20:32 ,1,Mesure_pH,772,5170,2949,3735,4587,4587,1958,28.28,,nan
2021/12/02 15:20:33 ,2,Blanc_pH,772,5170,2949,3735,4587,4587,1958,28.28,,nan
2021/12/02 15:20:33 ,2,Blanc_pH,772,5170,2949,3735,4587,4587,1958,28.28,,nan
2021/12/02 15:20:33 ,2,Blanc_pH,772,5170,2949,3735,4587,4587,1958,28.28,,nan
2021/12/02 15:20:33 ,2,Mesure_pH,772,5170,2949,3735,4587,4587,1958,28.28,,nan
2021/12/02 15:20:33 ,2,Mesure_pH,772,5170,2949,3735,4587,4587,1958,28.28,,nan
2021/12/02 15:20:33 ,2,Mesure_pH,772,5170,2949,3735,4587,4587,1958,28.28,,nan
2021/12/02 15:20:33 ,2,Mesure_pH,772,5170,2949,3735,4587,4587,1958,28.28,,nan
2021/12/02 15:20:33 ,2,Mesure_pH,772,5170,2949,3735,4587,4587,1958,28.28,,nan
2021/12/02 15:20:33 ,2,Mesure_pH,772,5170,2949,3735,4587,4587,1958,28.28,,nan
2021/12/02 15:20:33 ,2,Mesure_pH,772,5170,2949,3735,4587,4587,1958,28.28,,nan
2021/12/02 15:20:33 ,2,Mesure_pH,772,5170,2949,3735,4587,4587,1958,28.28,,nan
2021/12/02 15:20:33 ,2,Mesure_pH,772,5170,2949,3735,4587,4587,1958,28.28,,nan
2021/12/02 15:20:33 ,2,Mesure_pH,772,5170,2949,3735,4587,4587,1958,28.28,,nan
2021/12/02 15:20:33 ,2,Mesure_pH,772,5170,2949,3735,4587,4587,1958,28.28,,nan
2021/12/02 15:20:33 ,2,Mesure_pH,772,5170,2949,3735,4587,4587,1958,28.28,,nan
2021/12/02 15:20:34 ,3,Blanc_pH,772,5170,2949,3735,4587,4587,1958,28.28,,nan
2021/12/02 15:20:34 ,3,Blanc_pH,772,5170,2949,3735,4587,4587,1958,28.28,,nan
2021/12/02 15:20:34 ,3,Blanc_pH,772,5170,2949,3735,4587,4587,1958,28.28,,nan
2021/12/02 15:20:34 ,3,Mesure_pH,772,5170,2949,3735,4587,4587,1958,28.28,,nan
2021/12/02 15:20:34 ,3,Mesure_pH,772,5170,2949,3735,4587,4587,1958,28.28,,nan
2021/12/02 15:20:34 ,3,Mesure_pH,772,5170,2949,3735,4587,4587,1958,28.28,,nan
2021/12/02 15:20:34 ,3,Mesure_pH,772,5170,2949,3735,4587,4587,1958,28.28,,nan
2021/12/02 15:20:34 ,3,Mesure_pH,772,5170,2949,3735,4587,4587,1958,28.28,,nan
2021/12/02 15:20:34 ,3,Mesure_pH,772,5170,2949,3735,4587,4587,1958,28.28,,nan
2021/12/02 15:20:34 ,3,Mesure_pH,772,5170,2949,3735,4587,4587,1958,28.28,,nan
2021/12/02 15:20:34 ,3,Mesure_pH,772,5170,2949,3735,4587,4587,1958,28.28,,nan
2021/12/02 15:20:34 ,3,Mesure_pH,772,5170,2949,3735,4587,4587,1958,28.28,,nan
2021/12/02 15:20:34 ,3,Mesure_pH,772,5170,2949,3735,4587,4587,1958,28.28,,nan
2021/12/02 15:20:34 ,3,Mesure_pH,772,5170,2949,3735,4587,4587,1958,28.28,,nan
2021/12/02 15:20:34 ,3,Mesure_pH,772,5170,2949,3735,4587,4587,1958,28.28,,nan
2021/12/02 15:20:35 ,4,Blanc_pH,772,5170,2949,3735,4587,4587,1958,28.28,,nan
2021/12/02 15:20:35 ,4,Blanc_pH,772,5170,2949,3735,4587,4587,1958,28.28,,nan
2021/12/02 15:20:35 ,4,Blanc_pH,772,5170,2949,3735,4587,4587,1958,28.28,,nan
2021/12/02 15:20:35 ,4,Mesure_pH,772,5170,2949,3735,4587,4587,1958,28.28,,nan
2021/12/02 15:20:35 ,4,Mesure_pH,772,5170,2949,3735,4587,4587,1958,28.28,,nan
2021/12/02 15:20:35 ,4,Mesure_pH,772,5170,2949,3735,4587,4587,1958,28.28,,nan
2021/12/02 15:20:35 ,4,Mesure_pH,772,5170,2949,3735,4587,4587,1958,28.28,,nan
2021/12/02 15:20:35 ,4,Mesure_pH,772,5170,2949,3735,4587,4587,1958,28.28,,nan
2021/12/02 15:20:35 ,4,Mesure_pH,772,5170,2949,3735,4587,4587,1958,28.28,,nan
2021/12/02 15:20:35 ,4,Mesure_pH,772,5170,2949,3735,4587,4587,1958,28.28,,nan
2021/12/02 15:20:35 ,4,Mesure_pH,772,5170,2949,3735,4587,4587,1958,28.28,,nan
2021/12/02 15:20:35 ,4,Mesure_pH,772,5170,2949,3735,4587,4587,1958,28.28,,nan
2021/12/02 15:20:35 ,4,Mesure_pH,772,5170,2949,3735,4587,4587,1958,28.28,,nan
2021/12/02 15:20:35 ,4,Mesure_pH,772,5170,2949,3735,4587,4587,1958,28.28,,nan
2021/12/02 15:20:35 ,4,Mesure_pH,772,5170,2949,3735,4587,4587,1958,28.28,,nan
2021/12/02 15:20:36 ,5,Blanc_pH,772,5170,2949,3735,4587,4587,1958,28.28,,nan
2021/12/02 15:20:36 ,5,Blanc_pH,772,5170,2949,3735,4587,4587,1958,28.28,,nan
2021/12/02 15:20:36 ,5,Blanc_pH,772,5170,2949,3735,4587,4587,1958,28.28,,nan
2021/12/02 15:20:36 ,5,Mesure_pH,772,5170,2949,3735,4587,4587,1958,28.28,,nan
2021/12/02 15:20:36 ,5,Mesure_pH,772,5170,2949,3735,4587,4587,1958,28.28,,nan
2021/12/02 15:20:36 ,5,Mesure_pH,772,5170,2949,3735,4587,4587,1958,28.28,,nan
2021/12/02 15:20:36 ,5,Mesure_pH,772,5170,2949,3735,4587,4587,1958,28.28,,nan
2021/12/02 15:20:36 ,5,Mesure_pH,772,5170,2949,3735,4587,4587,1958,28.28,,nan
2021/12/02 15:20:36 ,5,Mesure_pH,772,5170,2949,3735,4587,4587,1958,28.28,,nan
2021/12/02 15:20:36 ,5,Mesure_pH,772,5170,2949,3735,4587,4587,1958,28.28,,nan
2021/12/02 15:20:36 ,5,Mesure_pH,772,5170,2949,3735,4587,4587,1958,28.28,,nan
2021/12/02 15:20:36 ,5,Mesure_pH,772,5170,2949,3735,4587,4587,1958,28.28,,nan
2021/12/02 15:20:36 ,5,Mesure_pH,772,5170,2949,3735,4587,4587,1958,28.28,,nan
2021/12/02 15:20:36 ,5,Mesure_pH,772,5170,2949,3735,4587,4587,1958,28.28,,nan
2021/12/02 15:20:36 ,5,Mesure_pH,772,5170,2949,3735,4587,4587,1958,28.28,,nan
2021/12/02 15:20:37 ,6,Blanc_pH,772,5170,2949,3735,4587,4587,1958,28.28,,nan
2021/12/02 15:20:37 ,6,Blanc_pH,772,5170,2949,3735,4587,4587,1958,28.28,,nan
2021/12/02 15:20:37 ,6,Blanc_pH,772,5170,2949,3735,4587,4587,1958,28.28,,nan
2021/12/02 15:20:37 ,6,Mesure_pH,772,5170,2949,3735,4587,4587,1958,28.28,,nan
2021/12/02 15:20:37 ,6,Mesure_pH,772,5170,2949,3735,4587,4587,1958,28.28,,nan
2021/12/02 15:20:37 ,6,Mesure_pH,772,5170,2949,3735,4587,4587,1958,28.28,,nan
2021/12/02 15:20:37 ,6,Mesure_pH,772,5170,2949,3735,4587,4587,1958,28.28,,nan
2021/12/02 15:20:37 ,6,Mesure_pH,772,5170,2949,3735,4587,4587,1958,28.28,,nan
2021/12/02 15:20:37 ,6,Mesure_pH,772,5170,2949,3735,4587,4587,1958,28.28,,nan
2021/12/02 15:20:37 ,6,Mesure_pH,772,5170,2949,3735,4587,4587,1958,28.28,,nan
2021/12/02 15:20:37 ,6,Mesure_pH,772,5170,2949,3735,4587,4587,1958,28.28,,nan
2021/12/02 15:20:37 ,6,Mesure_pH,772,5170,2949,3735,4587,4587,1958,28.28,,nan
2021/12/02 15:20:37 ,6,Mesure_pH,772,5170,2949,3735,4587,4587,1958,28.28,,nan
2021/12/02 15:20:37 ,6,Mesure_pH,772,5170,2949,3735,4587,4587,1958,28.28,,nan
2021/12/02 15:20:37 ,6,Mesure_pH,772,5170,2949,3735,4587,4587,1958,28.28,,nan
2021/12/02 15:20:38 ,7,Blanc_pH,772,5170,2949,3735,4587,4587,1958,28.28,,nan
2021/12/02 15:20:38 ,7,Blanc_pH,772,5170,2949,3735,4587,4587,1958,28.28,,nan
2021/12/02 15:20:38 ,7,Blanc_pH,772,5170,2949,3735,4587,4587,1958,28.28,,nan
2021/12/02 15:20:38 ,7,Mesure_pH,772,5170,2949,3735,4587,4587,1958,28.28,,nan
2021/12/02 15:20:38 ,7,Mesure_pH,772,5170,2949,3735,4587,4587,1958,28.28,,nan
2021/12/02 15:20:38 ,7,Mesure_pH,772,5170,2949,3735,4587,4587,1958,28.28,,nan
2021/12/02 15:20:38 ,7,Mesure_pH,772,5170,2949,3735,4587,4587,1958,28.28,,nan
2021/12/02 15:20:38 ,7,Mesure_pH,772,5170,2949,3735,4587,4587,1958,28.28,,nan
2021/12/02 15:20:38 ,7,Mesure_pH,772,5170,2949,3735,4587,4587,1958,28.28,,nan
2021/12/02 15:20:38 ,7,Mesure_pH,772,5170,2949,3735,4587,4587,1958,28.28,,nan
2021/12/02 15:20:38 ,7,Mesure_pH,772,5170,2949,3735,4587,4587,1958,28.28,,nan
2021/12/02 15:20:38 ,7,Mesure_pH,772,5170,2949,3735,4587,4587,1958,28.28,,nan
2021/12/02 15:20:38 ,7,Mesure_pH,772,5170,2949,3735,4587,4587,1958,28.28,,nan
2021/12/02 15:20:38 ,7,Mesure_pH,772,5170,2949,3735,4587,4587,1958,28.28,,nan
2021/12/02 15:20:38 ,7,Mesure_pH,772,5170,2949,3735,4587,4587,1958,28.28,,nan
2021/12/02 15:20:39 ,8,Blanc_pH,772,5170,2949,3735,4587,4587,1958,28.28,,nan
2021/12/02 15:20:39 ,8,Blanc_pH,772,5170,2949,3735,4587,4587,1958,28.28,,nan
2021/12/02 15:20:39 ,8,Blanc_pH,772,5170,2949,3735,4587,4587,1958,28.28,,nan
2021/12/02 15:20:39 ,8,Mesure_pH,772,5170,2949,3735,4587,4587,1958,28.28,,nan
2021/12/02 15:20:39 ,8,Mesure_pH,772,5170,2949,3735,4587,4587,1958,28.28,,nan
2021/12/02 15:20:39 ,8,Mesure_pH,772,5170,2949,3735,4587,4587,1958,28.28,,nan
2021/12/02 15:20:39 ,8,Mesure_pH,772,5170,2949,3735,4587,4587,1958,28.28,,nan
2021/12/02 15:20:39 ,8,Mesure_pH,772,5170,2949,3735,4587,4587,1958,28.28,,nan
2021/12/02 15:20:39 ,8,Mesure_pH,772,5170,2949,3735,4587,4587,1958,28.28,,nan
2021/12/02 15:20:39 ,8,Mesure_pH,772,5170,2949,3735,4587,4587,1958,28.28,,nan
2021/12/02 15:20:39 ,8,Mesure_pH,772,5170,2949,3735,4587,4587,1958,28.28,,nan
2021/12/02 15:20:39 ,8,Mesure_pH,772,5170,2949,3735,4587,4587,1958,28.28,,nan
2021/12/02 15:20:39 ,8,Mesure_pH,772,5170,2949,3735,4587,4587,1958,28.28,,nan
2021/12/02 15:20:40 ,8,Mesure_pH,772,5170,2949,3735,4587,4587,1958,28.28,,nan
2021/12/02 15:20:40 ,8,Mesure_pH,772,5170,2949,3735,4587,4587,1958,28.28,,nan
2021/12/02 15:20:40 ,9,Blanc_pH,772,5170,2949,3735,4587,4587,1958,28.28,,nan
2021/12/02 15:20:40 ,9,Blanc_pH,772,5170,2949,3735,4587,4587,1958,28.28,,nan
2021/12/02 15:20:40 ,9,Blanc_pH,772,5170,2949,3735,4587,4587,1958,28.28,,nan
2021/12/02 15:20:40 ,9,Mesure_pH,772,5170,2949,3735,4587,4587,1958,28.28,,nan
2021/12/02 15:20:40 ,9,Mesure_pH,772,5170,2949,3735,4587,4587,1958,28.28,,nan
2021/12/02 15:20:40 ,9,Mesure_pH,772,5170,2949,3735,4587,4587,1958,28.28,,nan
2021/12/02 15:20:40 ,9,Mesure_pH,772,5170,2949,3735,4587,4587,1958,28.28,,nan
2021/12/02 15:20:40 ,9,Mesure_pH,772,5170,2949,3735,4587,4587,1958,28.28,,nan
2021/12/02 15:20:40 ,9,Mesure_pH,772,5170,2949,3735,4587,4587,1958,28.28,,nan
2021/12/02 15:20:40 ,9,Mesure_pH,772,5170,2949,3735,4587,4587,1958,28.28,,nan
2021/12/02 15:20:40 ,9,Mesure_pH,772,5170,2949,3735,4587,4587,1958,28.28,,nan
2021/12/02 15:20:40 ,9,Mesure_pH,772,5170,2949,3735,4587,4587,1958,28.28,,nan
2021/12/02 15:20:40 ,9,Mesure_pH,772,5170,2949,3735,4587,4587,1958,28.28,,nan
2021/12/02 15:20:40 ,9,Mesure_pH,772,5170,2949,3735,4587,4587,1958,28.28,,nan
2021/12/02 15:20:40 ,9,Mesure_pH,772,5170,2949,3735,4587,4587,1958,28.28,,nan
2021/12/02 15:20:41 ,10,Blanc_pH,772,5170,2949,3735,4587,4587,1958,28.28,,nan
2021/12/02 15:20:41 ,10,Blanc_pH,772,5170,2949,3735,4587,4587,1958,28.28,,nan
2021/12/02 15:20:41 ,10,Blanc_pH,772,5170,2949,3735,4587,4587,1958,28.28,,nan
2021/12/02 15:20:41 ,10,Mesure_pH,772,5170,2949,3735,4587,4587,1958,28.28,,nan
2021/12/02 15:20:41 ,10,Mesure_pH,772,5170,2949,3735,4587,4587,1958,28.28,,nan
2021/12/02 15:20:41 ,10,Mesure_pH,772,5170,2949,3735,4587,4587,1958,28.28,,nan
2021/12/02 15:20:41 ,10,Mesure_pH,772,5170,2949,3735,4587,4587,1958,28.28,,nan
2021/12/02 15:20:41 ,10,Mesure_pH,772,5170,2949,3735,4587,4587,1958,28.28,,nan
2021/12/02 15:20:41 ,10,Mesure_pH,772,5170,2949,3735,4587,4587,1958,28.28,,nan
2021/12/02 15:20:41 ,10,Mesure_pH,772,5170,2949,3735,4587,4587,1958,28.28,,nan
2021/12/02 15:20:41 ,10,Mesure_pH,772,5170,2949,3735,4587,4587,1958,28.28,,nan
2021/12/02 15:20:41 ,10,Mesure_pH,772,5170,2949,3735,4587,4587,1958,28.28,,nan
2021/12/02 15:20:41 ,10,Mesure_pH,772,5170,2949,3735,4587,4587,1958,28.28,,nan
2021/12/02 15:20:41 ,10,Mesure_pH,772,5170,2949,3735,4587,4587,1958,28.28,,nan
2021/12/02 15:20:41 ,10,Mesure_pH,772,5170,2949,3735,4587,4587,1958,28.28,,nan
2021/12/02 15:20:42 ,11,Blanc_pH,772,5170,2949,3735,4587,4587,1958,28.28,,nan
2021/12/02 15:20:42 ,11,Blanc_pH,772,5170,2949,3735,4587,4587,1958,28.28,,nan
2021/12/02 15:20:42 ,11,Blanc_pH,772,5170,2949,3735,4587,4587,1958,28.28,,nan
2021/12/02 15:20:42 ,11,Mesure_pH,772,5170,2949,3735,4587,4587,1958,28.28,,nan
2021/12/02 15:20:42 ,11,Mesure_pH,772,5170,2949,3735,4587,4587,1958,28.28,,nan
2021/12/02 15:20:42 ,11,Mesure_pH,772,5170,2949,3735,4587,4587,1958,28.28,,nan
2021/12/02 15:20:42 ,11,Mesure_pH,772,5170,2949,3735,4587,4587,1958,28.28,,nan
2021/12/02 15:20:42 ,11,Mesure_pH,772,5170,2949,3735,4587,4587,1958,28.28,,nan
2021/12/02 15:20:42 ,11,Mesure_pH,772,5170,2949,3735,4587,4587,1958,28.28,,nan
2021/12/02 15:20:42 ,11,Mesure_pH,772,5170,2949,3735,4587,4587,1958,28.28,,nan
2021/12/02 15:20:42 ,11,Mesure_pH,772,5170,2949,3735,4587,4587,1958,28.28,,nan
2021/12/02 15:20:43 ,11,Mesure_pH,772,5170,2949,3735,4587,4587,1958,28.28,,nan
2021/12/02 15:20:43 ,11,Mesure_pH,772,5170,2949,3735,4587,4587,1958,28.28,,nan
2021/12/02 15:20:43 ,11,Mesure_pH,772,5170,2949,3735,4587,4587,1958,28.28,,nan
2021/12/02 15:20:43 ,11,Mesure_pH,772,5170,2949,3735,4587,4587,1958,28.28,,nan
2021/12/02 15:20:43 ,12,Blanc_pH,772,5170,2949,3735,4587,4587,1958,28.28,,nan
2021/12/02 15:20:43 ,12,Blanc_pH,772,5170,2949,3735,4587,4587,1958,28.28,,nan
2021/12/02 15:20:43 ,12,Blanc_pH,772,5170,2949,3735,4587,4587,1958,28.28,,nan
2021/12/02 15:20:43 ,12,Mesure_pH,772,5170,2949,3735,4587,4587,1958,28.28,,nan
2021/12/02 15:20:43 ,12,Mesure_pH,772,5170,2949,3735,4587,4587,1958,28.28,,nan
2021/12/02 15:20:43 ,12,Mesure_pH,772,5170,2949,3735,4587,4587,1958,28.28,,nan
2021/12/02 15:20:43 ,12,Mesure_pH,772,5170,2949,3735,4587,4587,1958,28.28,,nan
2021/12/02 15:20:43 ,12,Mesure_pH,772,5170,2949,3735,4587,4587,1958,28.28,,nan
2021/12/02 15:20:43 ,12,Mesure_pH,772,5170,2949,3735,4587,4587,1958,28.28,,nan
2021/12/02 15:20:43 ,12,Mesure_pH,772,5170,2949,3735,4587,4587,1958,28.28,,nan
2021/12/02 15:20:43 ,12,Mesure_pH,772,5170,2949,3735,4587,4587,1958,28.28,,nan
2021/12/02 15:20:43 ,12,Mesure_pH,772,5170,2949,3735,4587,4587,1958,28.28,,nan
2021/12/02 15:20:43 ,12,Mesure_pH,772,5170,2949,3735,4587,4587,1958,28.28,,nan
2021/12/02 15:20:43 ,12,Mesure_pH,772,5170,2949,3735,4587,4587,1958,28.28,,nan
2021/12/02 15:20:43 ,12,Mesure_pH,772,5170,2949,3735,4587,4587,1958,28.28,,nan
2021/12/02 15:20:44 ,13,Blanc_pH,772,5170,2949,3735,4587,4587,1958,28.28,,nan
2021/12/02 15:20:44 ,13,Blanc_pH,772,5170,2949,3735,4587,4587,1958,28.28,,nan
2021/12/02 15:20:44 ,13,Blanc_pH,772,5170,2949,3735,4587,4587,1958,28.28,,nan
2021/12/02 15:20:44 ,13,Mesure_pH,772,5170,2949,3735,4587,4587,1958,28.28,,nan
2021/12/02 15:20:44 ,13,Mesure_pH,772,5170,2949,3735,4587,4587,1958,28.28,,nan
2021/12/02 15:20:44 ,13,Mesure_pH,772,5170,2949,3735,4587,4587,1958,28.28,,nan
2021/12/02 15:20:44 ,13,Mesure_pH,772,5170,2949,3735,4587,4587,1958,28.28,,nan
2021/12/02 15:20:44 ,13,Mesure_pH,772,5170,2949,3735,4587,4587,1958,28.28,,nan
2021/12/02 15:20:44 ,13,Mesure_pH,772,5170,2949,3735,4587,4587,1958,28.28,,nan
2021/12/02 15:20:44 ,13,Mesure_pH,772,5170,2949,3735,4587,4587,1958,28.28,,nan
2021/12/02 15:20:44 ,13,Mesure_pH,772,5170,2949,3735,4587,4587,1958,28.28,,nan
2021/12/02 15:20:44 ,13,Mesure_pH,772,5170,2949,3735,4587,4587,1958,28.28,,nan
2021/12/02 15:20:44 ,13,Mesure_pH,772,5170,2949,3735,4587,4587,1958,28.28,,nan
2021/12/02 15:20:44 ,13,Mesure_pH,772,5170,2949,3735,4587,4587,1958,28.28,,nan
2021/12/02 15:20:44 ,13,Mesure_pH,772,5170,2949,3735,4587,4587,1958,28.28,,nan
2021/12/02 15:20:45 ,14,Blanc_pH,772,5170,2949,3735,4587,4587,1958,28.28,,nan
2021/12/02 15:20:45 ,14,Blanc_pH,772,5170,2949,3735,4587,4587,1958,28.28,,nan
2021/12/02 15:20:45 ,14,Blanc_pH,772,5170,2949,3735,4587,4587,1958,28.28,,nan
2021/12/02 15:20:45 ,14,Mesure_pH,772,5170,2949,3735,4587,4587,1958,28.28,,nan
2021/12/02 15:20:45 ,14,Mesure_pH,772,5170,2949,3735,4587,4587,1958,28.28,,nan
2021/12/02 15:20:45 ,14,Mesure_pH,772,5170,2949,3735,4587,4587,1958,28.28,,nan
2021/12/02 15:20:45 ,14,Mesure_pH,772,5170,2949,3735,4587,4587,1958,28.28,,nan
2021/12/02 15:20:45 ,14,Mesure_pH,772,5170,2949,3735,4587,4587,1958,28.28,,nan
2021/12/02 15:20:45 ,14,Mesure_pH,772,5170,2949,3735,4587,4587,1958,28.28,,nan
2021/12/02 15:20:45 ,14,Mesure_pH,772,5170,2949,3735,4587,4587,1958,28.28,,nan
2021/12/02 15:20:45 ,14,Mesure_pH,772,5170,2949,3735,4587,4587,1958,28.28,,nan
2021/12/02 15:20:45 ,14,Mesure_pH,772,5170,2949,3735,4587,4587,1958,28.28,,nan
2021/12/02 15:20:46 ,14,Mesure_pH,772,5170,2949,3735,4587,4587,1958,28.28,,nan
2021/12/02 15:20:46 ,14,Mesure_pH,772,5170,2949,3735,4587,4587,1958,28.28,,nan
2021/12/02 15:20:46 ,14,Mesure_pH,772,5170,2949,3735,4587,4587,1958,28.28,,nan
2021/12/02 15:20:46 ,15,Blanc_pH,772,5170,2949,3735,4587,4587,1958,28.28,,nan
2021/12/02 15:20:46 ,15,Blanc_pH,772,5170,2949,3735,4587,4587,1958,28.28,,nan
2021/12/02 15:20:46 ,15,Blanc_pH,772,5170,2949,3735,4587,4587,1958,28.28,,nan
2021/12/02 15:20:46 ,15,Mesure_pH,772,5170,2949,3735,4587,4587,1958,28.28,,nan
2021/12/02 15:20:46 ,15,Mesure_pH,772,5170,2949,3735,4587,4587,1958,28.28,,nan
2021/12/02 15:20:46 ,15,Mesure_pH,772,5170,2949,3735,4587,4587,1958,28.28,,nan
2021/12/02 15:20:46 ,15,Mesure_pH,772,5170,2949,3735,4587,4587,1958,28.28,,nan
2021/12/02 15:20:46 ,15,Mesure_pH,772,5170,2949,3735,4587,4587,1958,28.28,,nan
2021/12/02 15:20:46 ,15,Mesure_pH,772,5170,2949,3735,4587,4587,1958,28.28,,nan
2021/12/02 15:20:46 ,15,Mesure_pH,772,5170,2949,3735,4587,4587,1958,28.28,,nan
2021/12/02 15:20:46 ,15,Mesure_pH,772,5170,2949,3735,4587,4587,1958,28.28,,nan
2021/12/02 15:20:46 ,15,Mesure_pH,772,5170,2949,3735,4587,4587,1958,28.28,,nan
2021/12/02 15:20:47 ,15,Mesure_pH,772,5170,2949,3735,4587,4587,1958,28.28,,nan
2021/12/02 15:20:47 ,15,Mesure_pH,772,5170,2949,3735,4587,4587,1958,28.28,,nan
2021/12/02 15:20:47 ,15,Mesure_pH,772,5170,2949,3735,4587,4587,1958,28.28,,nan
2021/12/02 15:20:47 ,16,Blanc_pH,772,5170,2949,3735,4587,4587,1958,28.28,,nan
2021/12/02 15:20:47 ,16,Blanc_pH,772,5170,2949,3735,4587,4587,1958,28.28,,nan
2021/12/02 15:20:47 ,16,Blanc_pH,772,5170,2949,3735,4587,4587,1958,28.28,,nan
2021/12/02 15:20:47 ,16,Mesure_pH,772,5170,2949,3735,4587,4587,1958,28.28,,nan
2021/12/02 15:20:47 ,16,Mesure_pH,772,5170,2949,3735,4587,4587,1958,28.28,,nan
2021/12/02 15:20:47 ,16,Mesure_pH,772,5170,2949,3735,4587,4587,1958,28.28,,nan
2021/12/02 15:20:47 ,16,Mesure_pH,772,5170,2949,3735,4587,4587,1958,28.28,,nan
2021/12/02 15:20:47 ,16,Mesure_pH,772,5170,2949,3735,4587,4587,1958,28.28,,nan
2021/12/02 15:20:47 ,16,Mesure_pH,772,5170,2949,3735,4587,4587,1958,28.28,,nan
2021/12/02 15:20:47 ,16,Mesure_pH,772,5170,2949,3735,4587,4587,1958,28.28,,nan
2021/12/02 15:20:47 ,16,Mesure_pH,772,5170,2949,3735,4587,4587,1958,28.28,,nan
2021/12/02 15:20:47 ,16,Mesure_pH,772,5170,2949,3735,4587,4587,1958,28.28,,nan
2021/12/02 15:20:48 ,16,Mesure_pH,772,5170,2949,3735,4587,4587,1958,28.28,,nan
2021/12/02 15:20:48 ,16,Mesure_pH,772,5170,2949,3735,4587,4587,1958,28.28,,nan
2021/12/02 15:20:48 ,16,Mesure_pH,772,5170,2949,3735,4587,4587,1958,28.28,,nan
2021/12/02 15:20:48 ,17,Blanc_pH,772,5170,2949,3735,4587,4587,1958,28.28,,nan
2021/12/02 15:20:48 ,17,Blanc_pH,772,5170,2949,3735,4587,4587,1958,28.28,,nan
2021/12/02 15:20:48 ,17,Blanc_pH,772,5170,2949,3735,4587,4587,1958,28.28,,nan
2021/12/02 15:20:48 ,17,Mesure_pH,772,5170,2949,3735,4587,4587,1958,28.28,,nan
2021/12/02 15:20:48 ,17,Mesure_pH,772,5170,2949,3735,4587,4587,1958,28.28,,nan
2021/12/02 15:20:48 ,17,Mesure_pH,772,5170,2949,3735,4587,4587,1958,28.28,,nan
2021/12/02 15:20:48 ,17,Mesure_pH,772,5170,2949,3735,4587,4587,1958,28.28,,nan
2021/12/02 15:20:48 ,17,Mesure_pH,772,5170,2949,3735,4587,4587,1958,28.28,,nan
2021/12/02 15:20:48 ,17,Mesure_pH,772,5170,2949,3735,4587,4587,1958,28.28,,nan
2021/12/02 15:20:48 ,17,Mesure_pH,772,5170,2949,3735,4587,4587,1958,28.28,,nan
2021/12/02 15:20:48 ,17,Mesure_pH,772,5170,2949,3735,4587,4587,1958,28.28,,nan
2021/12/02 15:20:48 ,17,Mesure_pH,772,5170,2949,3735,4587,4587,1958,28.28,,nan
2021/12/02 15:20:48 ,17,Mesure_pH,772,5170,2949,3735,4587,4587,1958,28.28,,nan
2021/12/02 15:20:48 ,17,Mesure_pH,772,5170,2949,3735,4587,4587,1958,28.28,,nan
2021/12/02 15:20:48 ,17,Mesure_pH,772,5170,2949,3735,4587,4587,1958,28.28,,nan
2021/12/02 15:20:49 ,18,Blanc_pH,772,5170,2949,3735,4587,4587,1958,28.28,,nan
2021/12/02 15:20:49 ,18,Blanc_pH,772,5170,2949,3735,4587,4587,1958,28.28,,nan
2021/12/02 15:20:49 ,18,Blanc_pH,772,5170,2949,3735,4587,4587,1958,28.28,,nan
2021/12/02 15:20:49 ,18,Mesure_pH,772,5170,2949,3735,4587,4587,1958,28.28,,nan
2021/12/02 15:20:49 ,18,Mesure_pH,772,5170,2949,3735,4587,4587,1958,28.28,,nan
2021/12/02 15:20:49 ,18,Mesure_pH,772,5170,2949,3735,4587,4587,1958,28.28,,nan
2021/12/02 15:20:49 ,18,Mesure_pH,772,5170,2949,3735,4587,4587,1958,28.28,,nan
2021/12/02 15:20:49 ,18,Mesure_pH,772,5170,2949,3735,4587,4587,1958,28.28,,nan
2021/12/02 15:20:49 ,18,Mesure_pH,772,5170,2949,3735,4587,4587,1958,28.28,,nan
2021/12/02 15:20:49 ,18,Mesure_pH,772,5170,2949,3735,4587,4587,1958,28.28,,nan
2021/12/02 15:20:49 ,18,Mesure_pH,772,5170,2949,3735,4587,4587,1958,28.28,,nan
2021/12/02 15:20:49 ,18,Mesure_pH,772,5170,2949,3735,4587,4587,1958,28.28,,nan
2021/12/02 15:20:50 ,18,Mesure_pH,772,5170,2949,3735,4587,4587,1958,28.28,,nan
2021/12/02 15:20:50 ,18,Mesure_pH,772,5170,2949,3735,4587,4587,1958,28.28,,nan
2021/12/02 15:20:50 ,18,Mesure_pH,772,5170,2949,3735,4587,4587,1958,28.28,,nan
2021/12/02 15:20:50 ,19,Blanc_pH,772,5170,2949,3735,4587,4587,1958,28.28,,nan
2021/12/02 15:20:50 ,19,Blanc_pH,772,5170,2949,3735,4587,4587,1958,28.28,,nan
2021/12/02 15:20:50 ,19,Blanc_pH,772,5170,2949,3735,4587,4587,1958,28.28,,nan
2021/12/02 15:20:50 ,19,Mesure_pH,772,5170,2949,3735,4587,4587,1958,28.28,,nan
2021/12/02 15:20:50 ,19,Mesure_pH,772,5170,2949,3735,4587,4587,1958,28.28,,nan
2021/12/02 15:20:50 ,19,Mesure_pH,772,5170,2949,3735,4587,4587,1958,28.28,,nan
2021/12/02 15:20:50 ,19,Mesure_pH,772,5170,2949,3735,4587,4587,1958,28.28,,nan
2021/12/02 15:20:50 ,19,Mesure_pH,772,5170,2949,3735,4587,4587,1958,28.28,,nan
2021/12/02 15:20:50 ,19,Mesure_pH,772,5170,2949,3735,4587,4587,1958,28.28,,nan
2021/12/02 15:20:50 ,19,Mesure_pH,772,5170,2949,3735,4587,4587,1958,28.28,,nan
2021/12/02 15:20:50 ,19,Mesure_pH,772,5170,2949,3735,4587,4587,1958,28.28,,nan
2021/12/02 15:20:50 ,19,Mesure_pH,772,5170,2949,3735,4587,4587,1958,28.28,,nan
2021/12/02 15:20:50 ,19,Mesure_pH,772,5170,2949,3735,4587,4587,1958,28.28,,nan
2021/12/02 15:20:50 ,19,Mesure_pH,772,5170,2949,3735,4587,4587,1958,28.28,,nan
2021/12/02 15:20:51 ,19,Mesure_pH,772,5170,2949,3735,4587,4587,1958,28.28,,nan
2021/12/02 15:20:51 ,20,Blanc_pH,772,5170,2949,3735,4587,4587,1958,28.28,,nan
2021/12/02 15:20:51 ,20,Blanc_pH,772,5170,2949,3735,4587,4587,1958,28.28,,nan
2021/12/02 15:20:51 ,20,Blanc_pH,772,5170,2949,3735,4587,4587,1958,28.28,,nan
2021/12/02 15:20:51 ,20,Mesure_pH,772,5170,2949,3735,4587,4587,1958,28.28,,nan
2021/12/02 15:20:51 ,20,Mesure_pH,772,5170,2949,3735,4587,4587,1958,28.28,,nan
2021/12/02 15:20:51 ,20,Mesure_pH,772,5170,2949,3735,4587,4587,1958,28.28,,nan
2021/12/02 15:20:51 ,20,Mesure_pH,772,5170,2949,3735,4587,4587,1958,28.28,,nan
2021/12/02 15:20:51 ,20,Mesure_pH,772,5170,2949,3735,4587,4587,1958,28.28,,nan
2021/12/02 15:20:51 ,20,Mesure_pH,772,5170,2949,3735,4587,4587,1958,28.28,,nan
2021/12/02 15:20:52 ,20,Mesure_pH,772,5170,2949,3735,4587,4587,1958,28.28,,nan
2021/12/02 15:20:52 ,20,Mesure_pH,772,5170,2949,3735,4587,4587,1958,28.28,,nan
2021/12/02 15:20:52 ,20,Mesure_pH,772,5170,2949,3735,4587,4587,1958,28.28,,nan
2021/12/02 15:20:52 ,20,Mesure_pH,772,5170,2949,3735,4587,4587,1958,28.28,,nan
2021/12/02 15:20:52 ,20,Mesure_pH,772,5170,2949,3735,4587,4587,1958,28.28,,nan
2021/12/02 15:20:52 ,20,Mesure_pH,772,5170,2949,3735,4587,4587,1958,28.28,,nan
2021/12/02 15:20:52 ,21,Blanc_pH,772,5170,2949,3735,4587,4587,1958,28.28,,nan
2021/12/02 15:20:52 ,21,Blanc_pH,772,5170,2949,3735,4587,4587,1958,28.28,,nan
2021/12/02 15:20:52 ,21,Blanc_pH,772,5170,2949,3735,4587,4587,1958,28.28,,nan
2021/12/02 15:20:52 ,21,Mesure_pH,772,5170,2949,3735,4587,4587,1958,28.28,,nan
2021/12/02 15:20:52 ,21,Mesure_pH,772,5170,2949,3735,4587,4587,1958,28.28,,nan
2021/12/02 15:20:52 ,21,Mesure_pH,772,5170,2949,3735,4587,4587,1958,28.28,,nan
2021/12/02 15:20:52 ,21,Mesure_pH,772,5170,2949,3735,4587,4587,1958,28.28,,nan
2021/12/02 15:20:52 ,21,Mesure_pH,772,5170,2949,3735,4587,4587,1958,28.28,,nan
2021/12/02 15:20:52 ,21,Mesure_pH,772,5170,2949,3735,4587,4587,1958,28.28,,nan
2021/12/02 15:20:52 ,21,Mesure_pH,772,5170,2949,3735,4587,4587,1958,28.28,,nan
2021/12/02 15:20:53 ,21,Mesure_pH,772,5170,2949,3735,4587,4587,1958,28.28,,nan
2021/12/02 15:20:53 ,21,Mesure_pH,772,5170,2949,3735,4587,4587,1958,28.28,,nan
2021/12/02 15:20:53 ,21,Mesure_pH,772,5170,2949,3735,4587,4587,1958,28.28,,nan
2021/12/02 15:20:53 ,21,Mesure_pH,772,5170,2949,3735,4587,4587,1958,28.28,,nan
2021/12/02 15:20:53 ,21,Mesure_pH,772,5170,2949,3735,4587,4587,1958,28.28,,nan
2021/12/02 15:20:53 ,22,Blanc_pH,772,5170,2949,3735,4587,4587,1958,28.28,,nan
2021/12/02 15:20:53 ,22,Blanc_pH,772,5170,2949,3735,4587,4587,1958,28.28,,nan
2021/12/02 15:20:53 ,22,Blanc_pH,772,5170,2949,3735,4587,4587,1958,28.28,,nan
2021/12/02 15:20:53 ,22,Mesure_pH,772,5170,2949,3735,4587,4587,1958,28.28,,nan
2021/12/02 15:20:53 ,22,Mesure_pH,772,5170,2949,3735,4587,4587,1958,28.28,,nan
2021/12/02 15:20:53 ,22,Mesure_pH,772,5170,2949,3735,4587,4587,1958,28.28,,nan
2021/12/02 15:20:53 ,22,Mesure_pH,772,5170,2949,3735,4587,4587,1958,28.28,,nan
2021/12/02 15:20:53 ,22,Mesure_pH,772,5170,2949,3735,4587,4587,1958,28.28,,nan
2021/12/02 15:20:53 ,22,Mesure_pH,772,5170,2949,3735,4587,4587,1958,28.28,,nan
2021/12/02 15:20:53 ,22,Mesure_pH,772,5170,2949,3735,4587,4587,1958,28.28,,nan
2021/12/02 15:20:53 ,22,Mesure_pH,772,5170,2949,3735,4587,4587,1958,28.28,,nan
2021/12/02 15:20:54 ,22,Mesure_pH,772,5170,2949,3735,4587,4587,1958,28.28,,nan
2021/12/02 15:20:54 ,22,Mesure_pH,772,5170,2949,3735,4587,4587,1958,28.28,,nan
2021/12/02 15:20:54 ,22,Mesure_pH,772,5170,2949,3735,4587,4587,1958,28.28,,nan
2021/12/02 15:20:54 ,22,Mesure_pH,772,5170,2949,3735,4587,4587,1958,28.28,,nan
2021/12/02 15:20:54 ,23,Blanc_pH,772,5170,2949,3735,4587,4587,1958,28.28,,nan
2021/12/02 15:20:54 ,23,Blanc_pH,772,5170,2949,3735,4587,4587,1958,28.28,,nan
2021/12/02 15:20:54 ,23,Blanc_pH,772,5170,2949,3735,4587,4587,1958,28.28,,nan
2021/12/02 15:20:54 ,23,Mesure_pH,772,5170,2949,3735,4587,4587,1958,28.28,,nan
2021/12/02 15:20:54 ,23,Mesure_pH,772,5170,2949,3735,4587,4587,1958,28.28,,nan
2021/12/02 15:20:54 ,23,Mesure_pH,772,5170,2949,3735,4587,4587,1958,28.28,,nan
2021/12/02 15:20:54 ,23,Mesure_pH,772,5170,2949,3735,4587,4587,1958,28.28,,nan
2021/12/02 15:20:54 ,23,Mesure_pH,772,5170,2949,3735,4587,4587,1958,28.28,,nan
2021/12/02 15:20:54 ,23,Mesure_pH,772,5170,2949,3735,4587,4587,1958,28.28,,nan
2021/12/02 15:20:54 ,23,Mesure_pH,772,5170,2949,3735,4587,4587,1958,28.28,,nan
2021/12/02 15:20:54 ,23,Mesure_pH,772,5170,2949,3735,4587,4587,1958,28.28,,nan
2021/12/02 15:20:55 ,23,Mesure_pH,772,5170,2949,3735,4587,4587,1958,28.28,,nan
2021/12/02 15:20:55 ,23,Mesure_pH,772,5170,2949,3735,4587,4587,1958,28.28,,nan
2021/12/02 15:20:55 ,23,Mesure_pH,772,5170,2949,3735,4587,4587,1958,28.28,,nan
2021/12/02 15:20:55 ,23,Mesure_pH,772,5170,2949,3735,4587,4587,1958,28.28,,nan
2021/12/02 15:20:55 ,24,Blanc_pH,772,5170,2949,3735,4587,4587,1958,28.28,,nan
2021/12/02 15:20:55 ,24,Blanc_pH,772,5170,2949,3735,4587,4587,1958,28.28,,nan
2021/12/02 15:20:55 ,24,Blanc_pH,772,5170,2949,3735,4587,4587,1958,28.28,,nan
2021/12/02 15:20:55 ,24,Mesure_pH,772,5170,2949,3735,4587,4587,1958,28.28,,nan
2021/12/02 15:20:55 ,24,Mesure_pH,772,5170,2949,3735,4587,4587,1958,28.28,,nan
2021/12/02 15:20:55 ,24,Mesure_pH,772,5170,2949,3735,4587,4587,1958,28.28,,nan
2021/12/02 15:20:55 ,24,Mesure_pH,772,5170,2949,3735,4587,4587,1958,28.28,,nan
2021/12/02 15:20:55 ,24,Mesure_pH,772,5170,2949,3735,4587,4587,1958,28.28,,nan
2021/12/02 15:20:55 ,24,Mesure_pH,772,5170,2949,3735,4587,4587,1958,28.28,,nan
2021/12/02 15:20:55 ,24,Mesure_pH,772,5170,2949,3735,4587,4587,1958,28.28,,nan
2021/12/02 15:20:55 ,24,Mesure_pH,772,5170,2949,3735,4587,4587,1958,28.28,,nan
2021/12/02 15:20:55 ,24,Mesure_pH,772,5170,2949,3735,4587,4587,1958,28.28,,nan
2021/12/02 15:20:55 ,24,Mesure_pH,772,5170,2949,3735,4587,4587,1958,28.28,,nan
2021/12/02 15:20:55 ,24,Mesure_pH,772,5170,2949,3735,4587,4587,1958,28.28,,nan
2021/12/02 15:20:55 ,24,Mesure_pH,772,5170,2949,3735,4587,4587,1958,28.28,,nan
2021/12/02 15:20:56 ,25,Blanc_pH,772,5170,2949,3735,4587,4587,1958,28.28,,nan
2021/12/02 15:20:56 ,25,Blanc_pH,772,5170,2949,3735,4587,4587,1958,28.28,,nan
2021/12/02 15:20:56 ,25,Blanc_pH,772,5170,2949,3735,4587,4587,1958,28.28,,nan
2021/12/02 15:20:56 ,25,Mesure_pH,772,5170,2949,3735,4587,4587,1958,28.28,,nan
2021/12/02 15:20:56 ,25,Mesure_pH,772,5170,2949,3735,4587,4587,1958,28.28,,nan
2021/12/02 15:20:56 ,25,Mesure_pH,772,5170,2949,3735,4587,4587,1958,28.28,,nan
2021/12/02 15:20:56 ,25,Mesure_pH,772,5170,2949,3735,4587,4587,1958,28.28,,nan
2021/12/02 15:20:56 ,25,Mesure_pH,772,5170,2949,3735,4587,4587,1958,28.28,,nan
2021/12/02 15:20:56 ,25,Mesure_pH,772,5170,2949,3735,4587,4587,1958,28.28,,nan
2021/12/02 15:20:56 ,25,Mesure_pH,772,5170,2949,3735,4587,4587,1958,28.28,,nan
2021/12/02 15:20:56 ,25,Mesure_pH,772,5170,2949,3735,4587,4587,1958,28.28,,nan
2021/12/02 15:20:56 ,25,Mesure_pH,772,5170,2949,3735,4587,4587,1958,28.28,,nan
2021/12/02 15:20:56 ,25,Mesure_pH,772,5170,2949,3735,4587,4587,1958,28.28,,nan
2021/12/02 15:20:57 ,25,Mesure_pH,772,5170,2949,3735,4587,4587,1958,28.28,,nan
2021/12/02 15:20:57 ,25,Mesure_pH,772,5170,2949,3735,4587,4587,1958,28.28,,nan
