DATETIME,COUNT,TYPE,LAMBDA_1,LAMBDA_2,LAMBDA_3,NH,NL,Nth,100_T_cel,T_cel,TSG,NMEA
2021/12/02 15:04:48 ,0,Blanc_pH,772,5170,2949,3735,4587,4587,1958,28.28,,nan
2021/12/02 15:04:48 ,0,Blanc_pH,772,5170,2949,3735,4587,4587,1958,28.28,,nan
2021/12/02 15:04:48 ,0,Blanc_pH,772,5170,2949,3735,4587,4587,1958,28.28,,nan
2021/12/02 15:04:48 ,0,Mesure_pH,772,5170,2949,3735,4587,4587,1958,28.28,,nan
2021/12/02 15:04:48 ,0,Mesure_pH,772,5170,2949,3735,4587,4587,1958,28.28,,nan
2021/12/02 15:04:48 ,0,Mesure_pH,772,5170,2949,3735,4587,4587,1958,28.28,,nan
2021/12/02 15:04:48 ,0,Mesure_pH,772,5170,2949,3735,4587,4587,1958,28.28,,nan
2021/12/02 15:04:48 ,0,Mesure_pH,772,5170,2949,3735,4587,4587,1958,28.28,,nan
2021/12/02 15:04:48 ,0,Mesure_pH,772,5170,2949,3735,4587,4587,1958,28.28,,nan
2021/12/02 15:04:48 ,0,Mesure_pH,772,5170,2949,3735,4587,4587,1958,28.28,,nan
2021/12/02 15:04:48 ,0,Mesure_pH,772,5170,2949,3735,4587,4587,1958,28.28,,nan
2021/12/02 15:04:48 ,0,Mesure_pH,772,5170,2949,3735,4587,4587,1958,28.28,,nan
2021/12/02 15:04:48 ,0,Mesure_pH,772,5170,2949,3735,4587,4587,1958,28.28,,nan
2021/12/02 15:04:48 ,0,Mesure_pH,772,5170,2949,3735,4587,4587,1958,28.28,,nan
2021/12/02 15:04:48 ,0,Mesure_pH,772,5170,2949,3735,4587,4587,1958,28.28,,nan
2021/12/02 15:04:49 ,1,Blanc_pH,772,5170,2949,3735,4587,4587,1958,28.28,,nan
2021/12/02 15:04:49 ,1,Blanc_pH,772,5170,2949,3735,4587,4587,1958,28.28,,nan
2021/12/02 15:04:49 ,1,Blanc_pH,772,5170,2949,3735,4587,4587,1958,28.28,,nan
2021/12/02 15:04:49 ,1,Mesure_pH,772,5170,2949,3735,4587,4587,1958,28.28,,nan
2021/12/02 15:04:49 ,1,Mesure_pH,772,5170,2949,3735,4587,4587,1958,28.28,,nan
2021/12/02 15:04:49 ,1,Mesure_pH,772,5170,2949,3735,4587,4587,1958,28.28,,nan
2021/12/02 15:04:49 ,1,Mesure_pH,772,5170,2949,3735,4587,4587,1958,28.28,,nan
2021/12/02 15:04:49 ,1,Mesure_pH,772,5170,2949,3735,4587,4587,1958,28.28,,nan
2021/12/02 15:04:49 ,1,Mesure_pH,772,5170,2949,3735,4587,4587,1958,28.28,,nan
2021/12/02 15:04:49 ,1,Mesure_pH,772,5170,2949,3735,4587,4587,1958,28.28,,nan
2021/12/02 15:04:49 ,1,Mesure_pH,772,5170,2949,3735,4587,4587,1958,28.28,,nan
2021/12/02 15:04:49 ,1,Mesure_pH,772,5170,2949,3735,4587,4587,1958,28.28,,nan
2021/12/02 15:04:49 ,1,Mesure_pH,772,5170,2949,3735,4587,4587,1958,28.28,,nan
2021/12/02 15:04:49 ,1,Mesure_pH,772,5170,2949,3735,4587,4587,1958,28.28,,nan
2021/12/02 15:04:49 ,1,Mesure_pH,772,5170,2949,3735,4587,4587,1958,28.28,,nan
2021/12/02 15:04:50 ,2,Blanc_pH,772,5170,2949,3735,4587,4587,1958,28.28,,nan
2021/12/02 15:04:50 ,2,Blanc_pH,772,5170,2949,3735,4587,4587,1958,28.28,,nan
2021/12/02 15:04:50 ,2,Blanc_pH,772,5170,2949,3735,4587,4587,1958,28.28,,nan
2021/12/02 15:04:50 ,2,Mesure_pH,772,5170,2949,3735,4587,4587,1958,28.28,,nan
2021/12/02 15:04:50 ,2,Mesure_pH,772,5170,2949,3735,4587,4587,1958,28.28,,nan
2021/12/02 15:04:50 ,2,Mesure_pH,772,5170,2949,3735,4587,4587,1958,28.28,,nan
2021/12/02 15:04:50 ,2,Mesure_pH,772,5170,2949,3735,4587,4587,1958,28.28,,nan
2021/12/02 15:04:50 ,2,Mesure_pH,772,5170,2949,3735,4587,4587,1958,28.28,,nan
2021/12/02 15:04:50 ,2,Mesure_pH,772,5170,2949,3735,4587,4587,1958,28.28,,nan
2021/12/02 15:04:50 ,2,Mesure_pH,772,5170,2949,3735,4587,4587,1958,28.28,,nan
2021/12/02 15:04:50 ,2,Mesure_pH,772,5170,2949,3735,4587,4587,1958,28.28,,nan
2021/12/02 15:04:50 ,2,Mesure_pH,772,5170,2949,3735,4587,4587,1958,28.28,,nan
2021/12/02 15:04:50 ,2,Mesure_pH,772,5170,2949,3735,4587,4587,1958,28.28,,nan
2021/12/02 15:04:50 ,2,Mesure_pH,772,5170,2949,3735,4587,4587,1958,28.28,,nan
2021/12/02 15:04:50 ,2,Mesure_pH,772,5170,2949,3735,4587,4587,1958,28.28,,nan
2021/12/02 15:04:51 ,3,Blanc_pH,772,5170,2949,3735,4587,4587,1958,28.28,,nan
2021/12/02 15:04:51 ,3,Blanc_pH,772,5170,2949,3735,4587,4587,1958,28.28,,nan
2021/12/02 15:04:51 ,3,Blanc_pH,772,5170,2949,3735,4587,4587,1958,28.28,,nan
2021/12/02 15:04:51 ,3,Mesure_pH,772,5170,2949,3735,4587,4587,1958,28.28,,nan
2021/12/02 15:04:51 ,3,Mesure_pH,772,5170,2949,3735,4587,4587,1958,28.28,,nan
2021/12/02 15:04:51 ,3,Mesure_pH,772,5170,2949,3735,4587,4587,1958,28.28,,nan
2021/12/02 15:04:51 ,3,Mesure_pH,772,5170,2949,3735,4587,4587,1958,28.28,,nan
2021/12/02 15:04:51 ,3,Mesure_pH,772,5170,2949,3735,4587,4587,1958,28.28,,nan
2021/12/02 15:04:51 ,3,Mesure_pH,772,5170,2949,3735,4587,4587,1958,28.28,,nan
2021/12/02 15:04:51 ,3,Mesure_pH,772,5170,2949,3735,4587,4587,1958,28.28,,nan
2021/12/02 15:04:51 ,3,Mesure_pH,772,5170,2949,3735,4587,4587,1958,28.28,,nan
2021/12/02 15:04:51 ,3,Mesure_pH,772,5170,2949,3735,4587,4587,1958,28.28,,nan
2021/12/02 15:04:51 ,3,Mesure_pH,772,5170,2949,3735,4587,4587,1958,28.28,,nan
2021/12/02 15:04:51 ,3,Mesure_pH,772,5170,2949,3735,4587,4587,1958,28.28,,nan
2021/12/02 15:04:51 ,3,Mesure_pH,772,5170,2949,3735,4587,4587,1958,28.28,,nan
2021/12/02 15:04:52 ,4,Blanc_pH,772,5170,2949,3735,4587,4587,1958,28.28,,nan
2021/12/02 15:04:52 ,4,Blanc_pH,772,5170,2949,3735,4587,4587,1958,28.28,,nan
2021/12/02 15:04:52 ,4,Blanc_pH,772,5170,2949,3735,4587,4587,1958,28.28,,nan
2021/12/02 15:04:52 ,4,Mesure_pH,772,5170,2949,3735,4587,4587,1958,28.28,,nan
2021/12/02 15:04:52 ,4,Mesure_pH,772,5170,2949,3735,4587,4587,1958,28.28,,nan
2021/12/02 15:04:52 ,4,Mesure_pH,772,5170,2949,3735,4587,4587,1958,28.28,,nan
2021/12/02 15:04:52 ,4,Mesure_pH,772,5170,2949,3735,4587,4587,1958,28.28,,nan
2021/12/02 15:04:52 ,4,Mesure_pH,772,5170,2949,3735,4587,4587,1958,28.28,,nan
2021/12/02 15:04:52 ,4,Mesure_pH,772,5170,2949,3735,4587,4587,1958,28.28,,nan
2021/12/02 15:04:52 ,4,Mesure_pH,772,5170,2949,3735,4587,4587,1958,28.28,,nan
2021/12/02 15:04:52 ,4,Mesure_pH,772,5170,2949,3735,4587,4587,1958,28.28,,nan
2021/12/02 15:04:52 ,4,Mesure_pH,772,5170,2949,3735,4587,4587,1958,28.28,,nan
2021/12/02 15:04:52 ,4,Mesure_pH,772,5170,2949,3735,4587,4587,1958,28.28,,nan
2021/12/02 15:04:52 ,4,Mesure_pH,772,5170,2949,3735,4587,4587,1958,28.28,,nan
2021/12/02 15:04:52 ,4,Mesure_pH,772,5170,2949,3735,4587,4587,1958,28.28,,nan
2021/12/02 15:04:53 ,5,Blanc_pH,772,5170,2949,3735,4587,4587,1958,28.28,,nan
2021/12/02 15:04:53 ,5,Blanc_pH,772,5170,2949,3735,4587,4587,1958,28.28,,nan
2021/12/02 15:04:53 ,5,Blanc_pH,772,5170,2949,3735,4587,4587,1958,28.28,,nan
2021/12/02 15:04:53 ,5,Mesure_pH,772,5170,2949,3735,4587,4587,1958,28.28,,nan
2021/12/02 15:04:53 ,5,Mesure_pH,772,5170,2949,3735,4587,4587,1958,28.28,,nan
2021/12/02 15:04:53 ,5,Mesure_pH,772,5170,2949,3735,4587,4587,1958,28.28,,nan
2021/12/02 15:04:53 ,5,Mesure_pH,772,5170,2949,3735,4587,4587,1958,28.28,,nan
2021/12/02 15:04:53 ,5,Mesure_pH,772,5170,2949,3735,4587,4587,1958,28.28,,nan
2021/12/02 15:04:53 ,5,Mesure_pH,772,5170,2949,3735,4587,4587,1958,28.28,,nan
2021/12/02 15:04:53 ,5,Mesure_pH,772,5170,2949,3735,4587,4587,1958,28.28,,nan
2021/12/02 15:04:53 ,5,Mesure_pH,772,5170,2949,3735,4587,4587,1958,28.28,,nan
2021/12/02 15:04:53 ,5,Mesure_pH,772,5170,2949,3735,4587,4587,1958,28.28,,nan
2021/12/02 15:04:53 ,5,Mesure_pH,772,5170,2949,3735,4587,4587,1958,28.28,,nan
2021/12/02 15:04:53 ,5,Mesure_pH,772,5170,2949,3735,4587,4587,1958,28.28,,nan
2021/12/02 15:04:53 ,5,Mesure_pH,772,5170,2949,3735,4587,4587,1958,28.28,,nan
2021/12/02 15:04:54 ,6,Blanc_pH,772,5170,2949,3735,4587,4587,1958,28.28,,nan
2021/12/02 15:04:54 ,6,Blanc_pH,772,5170,2949,3735,4587,4587,1958,28.28,,nan
2021/12/02 15:04:54 ,6,Blanc_pH,772,5170,2949,3735,4587,4587,1958,28.28,,nan
2021/12/02 15:04:54 ,6,Mesure_pH,772,5170,2949,3735,4587,4587,1958,28.28,,nan
2021/12/02 15:04:54 ,6,Mesure_pH,772,5170,2949,3735,4587,4587,1958,28.28,,nan
2021/12/02 15:04:54 ,6,Mesure_pH,772,5170,2949,3735,4587,4587,1958,28.28,,nan
2021/12/02 15:04:54 ,6,Mesure_pH,772,5170,2949,3735,4587,4587,1958,28.28,,nan
2021/12/02 15:04:54 ,6,Mesure_pH,772,5170,2949,3735,4587,4587,1958,28.28,,nan
2021/12/02 15:04:54 ,6,Mesure_pH,772,5170,2949,3735,4587,4587,1958,28.28,,nan
2021/12/02 15:04:54 ,6,Mesure_pH,772,5170,2949,3735,4587,4587,1958,28.28,,nan
2021/12/02 15:04:54 ,6,Mesure_pH,772,5170,2949,3735,4587,4587,1958,28.28,,nan
2021/12/02 15:04:54 ,6,Mesure_pH,772,5170,2949,3735,4587,4587,1958,28.28,,nan
2021/12/02 15:04:54 ,6,Mesure_pH,772,5170,2949,3735,4587,4587,1958,28.28,,nan
2021/12/02 15:04:54 ,6,Mesure_pH,772,5170,2949,3735,4587,4587,1958,28.28,,nan
2021/12/02 15:04:54 ,6,Mesure_pH,772,5170,2949,3735,4587,4587,1958,28.28,,nan
2021/12/02 15:04:55 ,7,Blanc_pH,772,5170,2949,3735,4587,4587,1958,28.28,,nan
2021/12/02 15:04:55 ,7,Blanc_pH,772,5170,2949,3735,4587,4587,1958,28.28,,nan
2021/12/02 15:04:55 ,7,Blanc_pH,772,5170,2949,3735,4587,4587,1958,28.28,,nan
2021/12/02 15:04:55 ,7,Mesure_pH,772,5170,2949,3735,4587,4587,1958,28.28,,nan
2021/12/02 15:04:55 ,7,Mesure_pH,772,5170,2949,3735,4587,4587,1958,28.28,,nan
2021/12/02 15:04:55 ,7,Mesure_pH,772,5170,2949,3735,4587,4587,1958,28.28,,nan
2021/12/02 15:04:55 ,7,Mesure_pH,772,5170,2949,3735,4587,4587,1958,28.28,,nan
2021/12/02 15:04:55 ,7,Mesure_pH,772,5170,2949,3735,4587,4587,1958,28.28,,nan
2021/12/02 15:04:55 ,7,Mesure_pH,772,5170,2949,3735,4587,4587,1958,28.28,,nan
2021/12/02 15:04:55 ,7,Mesure_pH,772,5170,2949,3735,4587,4587,1958,28.28,,nan
2021/12/02 15:04:55 ,7,Mesure_pH,772,5170,2949,3735,4587,4587,1958,28.28,,nan
2021/12/02 15:04:55 ,7,Mesure_pH,772,5170,2949,3735,4587,4587,1958,28.28,,nan
2021/12/02 15:04:55 ,7,Mesure_pH,772,5170,2949,3735,4587,4587,1958,28.28,,nan
2021/12/02 15:04:55 ,7,Mesure_pH,772,5170,2949,3735,4587,4587,1958,28.28,,nan
2021/12/02 15:04:55 ,7,Mesure_pH,772,5170,2949,3735,4587,4587,1958,28.28,,nan
2021/12/02 15:04:56 ,8,Blanc_pH,772,5170,2949,3735,4587,4587,1958,28.28,,nan
2021/12/02 15:04:56 ,8,Blanc_pH,772,5170,2949,3735,4587,4587,1958,28.28,,nan
2021/12/02 15:04:56 ,8,Blanc_pH,772,5170,2949,3735,4587,4587,1958,28.28,,nan
2021/12/02 15:04:56 ,8,Mesure_pH,772,5170,2949,3735,4587,4587,1958,28.28,,nan
2021/12/02 15:04:56 ,8,Mesure_pH,772,5170,2949,3735,4587,4587,1958,28.28,,nan
2021/12/02 15:04:56 ,8,Mesure_pH,772,5170,2949,3735,4587,4587,1958,28.28,,nan
2021/12/02 15:04:56 ,8,Mesure_pH,772,5170,2949,3735,4587,4587,1958,28.28,,nan
2021/12/02 15:04:56 ,8,Mesure_pH,772,5170,2949,3735,4587,4587,1958,28.28,,nan
2021/12/02 15:04:56 ,8,Mesure_pH,772,5170,2949,3735,4587,4587,1958,28.28,,nan
2021/12/02 15:04:56 ,8,Mesure_pH,772,5170,2949,3735,4587,4587,1958,28.28,,nan
2021/12/02 15:04:56 ,8,Mesure_pH,772,5170,2949,3735,4587,4587,1958,28.28,,nan
2021/12/02 15:04:56 ,8,Mesure_pH,772,5170,2949,3735,4587,4587,1958,28.28,,nan
2021/12/02 15:04:56 ,8,Mesure_pH,772,5170,2949,3735,4587,4587,1958,28.28,,nan
2021/12/02 15:04:56 ,8,Mesure_pH,772,5170,2949,3735,4587,4587,1958,28.28,,nan
2021/12/02 15:04:56 ,8,Mesure_pH,772,5170,2949,3735,4587,4587,1958,28.28,,nan
2021/12/02 15:04:57 ,9,Blanc_pH,772,5170,2949,3735,4587,4587,1958,28.28,,nan
2021/12/02 15:04:57 ,9,Blanc_pH,772,5170,2949,3735,4587,4587,1958,28.28,,nan
2021/12/02 15:04:57 ,9,Blanc_pH,772,5170,2949,3735,4587,4587,1958,28.28,,nan
2021/12/02 15:04:57 ,9,Mesure_pH,772,5170,2949,3735,4587,4587,1958,28.28,,nan
2021/12/02 15:04:57 ,9,Mesure_pH,772,5170,2949,3735,4587,4587,1958,28.28,,nan
2021/12/02 15:04:57 ,9,Mesure_pH,772,5170,2949,3735,4587,4587,1958,28.28,,nan
2021/12/02 15:04:57 ,9,Mesure_pH,772,5170,2949,3735,4587,4587,1958,28.28,,nan
2021/12/02 15:04:57 ,9,Mesure_pH,772,5170,2949,3735,4587,4587,1958,28.28,,nan
2021/12/02 15:04:57 ,9,Mesure_pH,772,5170,2949,3735,4587,4587,1958,28.28,,nan
2021/12/02 15:04:57 ,9,Mesure_pH,772,5170,2949,3735,4587,4587,1958,28.28,,nan
2021/12/02 15:04:57 ,9,Mesure_pH,772,5170,2949,3735,4587,4587,1958,28.28,,nan
2021/12/02 15:04:57 ,9,Mesure_pH,772,5170,2949,3735,4587,4587,1958,28.28,,nan
2021/12/02 15:04:57 ,9,Mesure_pH,772,5170,2949,3735,4587,4587,1958,28.28,,nan
2021/12/02 15:04:57 ,9,Mesure_pH,772,5170,2949,3735,4587,4587,1958,28.28,,nan
2021/12/02 15:04:57 ,9,Mesure_pH,772,5170,2949,3735,4587,4587,1958,28.28,,nan
2021/12/02 15:04:58 ,10,Blanc_pH,772,5170,2949,3735,4587,4587,1958,28.28,,nan
2021/12/02 15:04:58 ,10,Blanc_pH,772,5170,2949,3735,4587,4587,1958,28.28,,nan
2021/12/02 15:04:58 ,10,Blanc_pH,772,5170,2949,3735,4587,4587,1958,28.28,,nan
2021/12/02 15:04:58 ,10,Mesure_pH,772,5170,2949,3735,4587,4587,1958,28.28,,nan
2021/12/02 15:04:58 ,10,Mesure_pH,772,5170,2949,3735,4587,4587,1958,28.28,,nan
2021/12/02 15:04:58 ,10,Mesure_pH,772,5170,2949,3735,4587,4587,1958,28.28,,nan
2021/12/02 15:04:58 ,10,Mesure_pH,772,5170,2949,3735,4587,4587,1958,28.28,,nan
2021/12/02 15:04:58 ,10,Mesure_pH,772,5170,2949,3735,4587,4587,1958,28.28,,nan
2021/12/02 15:04:58 ,10,Mesure_pH,772,5170,2949,3735,4587,4587,1958,28.28,,nan
2021/12/02 15:04:58 ,10,Mesure_pH,772,5170,2949,3735,4587,4587,1958,28.28,,nan
2021/12/02 15:04:58 ,10,Mesure_pH,772,5170,2949,3735,4587,4587,1958,28.28,,nan
2021/12/02 15:04:58 ,10,Mesure_pH,772,5170,2949,3735,4587,4587,1958,28.28,,nan
2021/12/02 15:04:58 ,10,Mesure_pH,772,5170,2949,3735,4587,4587,1958,28.28,,nan
2021/12/02 15:04:58 ,10,Mesure_pH,772,5170,2949,3735,4587,4587,1958,28.28,,nan
2021/12/02 15:04:58 ,10,Mesure_pH,772,5170,2949,3735,4587,4587,1958,28.28,,nan
2021/12/02 15:04:59 ,11,Blanc_pH,772,5170,2949,3735,4587,4587,1958,28.28,,nan
2021/12/02 15:04:59 ,11,Blanc_pH,772,5170,2949,3735,4587,4587,1958,28.28,,nan
2021/12/02 15:04:59 ,11,Blanc_pH,772,5170,2949,3735,4587,4587,1958,28.28,,nan
2021/12/02 15:04:59 ,11,Mesure_pH,772,5170,2949,3735,4587,4587,1958,28.28,,nan
2021/12/02 15:04:59 ,11,Mesure_pH,772,5170,2949,3735,4587,4587,1958,28.28,,nan
2021/12/02 15:04:59 ,11,Mesure_pH,772,5170,2949,3735,4587,4587,1958,28.28,,nan
2021/12/02 15:04:59 ,11,Mesure_pH,772,5170,2949,3735,4587,4587,1958,28.28,,nan
2021/12/02 15:04:59 ,11,Mesure_pH,772,5170,2949,3735,4587,4587,1958,28.28,,nan
2021/12/02 15:04:59 ,11,Mesure_pH,772,5170,2949,3735,4587,4587,1958,28.28,,nan
2021/12/02 15:04:59 ,11,Mesure_pH,772,5170,2949,3735,4587,4587,1958,28.28,,nan
2021/12/02 15:04:59 ,11,Mesure_pH,772,5170,2949,3735,4587,4587,1958,28.28,,nan
2021/12/02 15:04:59 ,11,Mesure_pH,772,5170,2949,3735,4587,4587,1958,28.28,,nan
2021/12/02 15:04:59 ,11,Mesure_pH,772,5170,2949,3735,4587,4587,1958,28.28,,nan
2021/12/02 15:04:59 ,11,Mesure_pH,772,5170,2949,3735,4587,4587,1958,28.28,,nan
2021/12/02 15:04:59 ,11,Mesure_pH,772,5170,2949,3735,4587,4587,1958,28.28,,nan
2021/12/02 15:05:00 ,12,Blanc_pH,772,5170,2949,3735,4587,4587,1958,28.28,,nan
2021/12/02 15:05:00 ,12,Blanc_pH,772,5170,2949,3735,4587,4587,1958,28.28,,nan
2021/12/02 15:05:00 ,12,Blanc_pH,772,5170,2949,3735,4587,4587,1958,28.28,,nan
2021/12/02 15:05:00 ,12,Mesure_pH,772,5170,2949,3735,4587,4587,1958,28.28,,nan
2021/12/02 15:05:00 ,12,Mesure_pH,772,5170,2949,3735,4587,4587,1958,28.28,,nan
2021/12/02 15:05:00 ,12,Mesure_pH,772,5170,2949,3735,4587,4587,1958,28.28,,nan
2021/12/02 15:05:00 ,12,Mesure_pH,772,5170,2949,3735,4587,4587,1958,28.28,,nan
2021/12/02 15:05:00 ,12,Mesure_pH,772,5170,2949,3735,4587,4587,1958,28.28,,nan
2021/12/02 15:05:00 ,12,Mesure_pH,772,5170,2949,3735,4587,4587,1958,28.28,,nan
2021/12/02 15:05:00 ,12,Mesure_pH,772,5170,2949,3735,4587,4587,1958,28.28,,nan
2021/12/02 15:05:00 ,12,Mesure_pH,772,5170,2949,3735,4587,4587,1958,28.28,,nan
2021/12/02 15:05:00 ,12,Mesure_pH,772,5170,2949,3735,4587,4587,1958,28.28,,nan
2021/12/02 15:05:00 ,12,Mesure_pH,772,5170,2949,3735,4587,4587,1958,28.28,,nan
2021/12/02 15:05:00 ,12,Mesure_pH,772,5170,2949,3735,4587,4587,1958,28.28,,nan
2021/12/02 15:05:00 ,12,Mesure_pH,772,5170,2949,3735,4587,4587,1958,28.28,,nan
