2014/08/01 07:37:54 0001 Blanc_pH 4745  4214  1930  3729  4578  1555 5823 0470
2014/08/01 07:38:01 0001 Blanc_pH 4818  4201  1848  3729  4578  1484 5761 0492
2014/08/01 07:38:07 0001 Blanc_pH 4767  4189  1648  3729  4578  1429 5714 0508
2014/08/01 07:38:13 0001 Mesur_pH 4834  1745   974  3729  4578  1320 5619 0542
2014/08/01 07:38:40 0001 Mesur_pH 4808  1612   968  3729  4578  1265 5572 0559
2014/08/01 07:38:46 0001 Mesur_pH 4771  1596  1000  3729  4578  1226 5539 0571
2014/08/01 07:38:52 0001 Mesur_pH 4792   613   479  3729  4578  1161 5483 0592
2014/08/01 07:39:19 0001 Mesur_pH 4782   612   515  3729  4578  1117 5446 0606
2014/08/01 07:39:25 0001 Mesur_pH 4774   668   513  3729  4578  1088 5421 0615
2014/08/01 07:39:31 0001 Mesur_pH 4769   233   254  3729  4578  1052 5391 0626
2014/08/01 07:39:58 0001 Mesur_pH 4753   236   280  3729  4579  1012 5357 0639
2014/08/01 07:40:04 0001 Mesur_pH 4764   286   255  3729  4578   983 5333 0648
2014/08/01 07:40:11 0001 Mesur_pH 4744    95   151  3729  4578   954 5308 0658
2014/08/01 07:40:37 0001 Mesur_pH 4730    56   146  3729  4578   918 5278 0669
2014/08/01 07:40:43 0001 Mesur_pH 4771   235   115  3729  4578   891 5255 0678
2014/08/01 07:42:53 0002 Blanc_pH 4728  4138  1896  3729  4578   975 5326 0651
2014/08/01 07:42:59 0002 Blanc_pH 4802  4153  1823  3729  4578   941 5297 0662
2014/08/01 07:43:06 0002 Blanc_pH 4745  4091  1851  3729  4578   916 5276 0670
2014/08/01 07:43:12 0002 Mesur_pH 4741  1528   909  3729  4578   867 5235 0686
2014/08/01 07:43:38 0002 Mesur_pH 4761  1524   892  3729  4578   838 5211 0695
2014/08/01 07:43:45 0002 Mesur_pH 4749  1482   954  3729  4578   815 5192 0703
2014/08/01 07:43:51 0002 Mesur_pH 4783   587   418  3729  4578   795 5175 0710
2014/08/01 07:44:18 0002 Mesur_pH 4739   576   424  3729  4578   771 5155 0718
2014/08/01 07:44:24 0002 Mesur_pH 4700   546   474  3729  4578   754 5141 0723
2014/08/01 07:44:30 0002 Mesur_pH 4723   231   204  3729  4578   729 5121 0731
2014/08/01 07:44:57 0002 Mesur_pH 4699   206   220  3729  4578   705 5101 0739
2014/08/01 07:45:03 0002 Mesur_pH 4690   263   254  3729  4578   687 5086 0745
2014/08/01 07:45:09 0002 Mesur_pH 4652    80   101  3729  4578   665 5068 0752
2014/08/01 07:45:36 0002 Mesur_pH 4639    80   142  3729  4578   642 5049 0760
2014/08/01 07:45:42 0002 Mesur_pH 4667    98   120  3729  4578   626 5035 0766
2014/08/01 07:46:42 0003 Blanc_pH 4764  4175  1916  3729  4578   880 5246 0682
2014/08/01 07:46:48 0003 Blanc_pH 4846  4206  1844  3729  4578   849 5220 0692
2014/08/01 07:46:55 0003 Blanc_pH 4813  4145  1887  3729  4578   826 5201 0699
2014/08/01 07:47:01 0003 Mesur_pH 4820  1527   905  3729  4578   777 5160 0716
2014/08/01 07:47:27 0003 Mesur_pH 4832  1504   887  3729  4578   752 5140 0724
2014/08/01 07:47:34 0003 Mesur_pH 4789  1472   948  3729  4578   734 5125 0730
2014/08/01 07:47:40 0003 Mesur_pH 4781   588   394  3729  4578   712 5106 0737
2014/08/01 07:48:07 0003 Mesur_pH 4809   562   422  3729  4578   692 5090 0744
2014/08/01 07:48:13 0003 Mesur_pH 4788   592   468  3729  4578   677 5078 0748
2014/08/01 07:48:19 0003 Mesur_pH 4744   207   193  3729  4578   660 5064 0754
2014/08/01 07:48:46 0003 Mesur_pH 4742   184   240  3729  4578   639 5046 0761
2014/08/01 07:48:52 0003 Mesur_pH 4727   252   217  3729  4578   623 5033 0767
2014/08/01 07:48:59 0003 Mesur_pH 4760    75   118  3729  4578   608 5021 0772
2014/08/01 07:49:25 0003 Mesur_pH 4753    96    95  3729  4578   591 5007 0777
2014/08/01 07:49:31 0003 Mesur_pH 4802   126    97  3729  4578   578 4996 0782
